4.881348173761523301e-01 5.337370048576935977e-01 5.732029368400214375e-01 5.956201631094765192e-01 6.532682886660510224e-01 6.627218419119972337e-01 7.142469694370234823e-01 7.716812126097220004e-01 7.658336485786656489e-01 7.720413576067176598e-01 8.039061125015124487e-01 8.195408127486986105e-01 8.334303132891434096e-01 8.652165403519930242e-01 9.079155166911616615e-01 8.844155825707243901e-01 9.229855494115111192e-01 9.372254186523173436e-01 9.280557209450251976e-01 1.000083615313911656e+00
4.636466660519141247e-01 5.070757282653469700e-01 5.173630081274496195e-01 6.136576452660917891e-01 5.841914772755268936e-01 6.410223591808691390e-01 6.675649955115376954e-01 7.123496294989043465e-01 7.383657669071250762e-01 7.702626277935358257e-01 8.287133965563220350e-01 8.274147403540001999e-01 8.555164136696878918e-01 8.545483614840816422e-01 8.846178577941614662e-01 9.250948457313227236e-01 9.399763702502295093e-01 9.128175352953171728e-01 9.362462523561848604e-01 9.573476227080331968e-01
4.090466496799128326e-01 4.298646044347548267e-01 4.840260301328657144e-01 5.335532570849120804e-01 5.803475273831024683e-01 6.006160108241177520e-01 6.506494461472522861e-01 6.939485613839775358e-01 7.106867780909211785e-01 7.321623491835826947e-01 7.482467044508444021e-01 7.930112351722268249e-01 8.247128723369294701e-01 8.575592922097874382e-01 8.462038949980598135e-01 8.461984087381044795e-01 8.945714834200427790e-01 9.211015219478443372e-01 9.580436169988415518e-01 9.675207673680409348e-01
3.486759524571764746e-01 3.887366453261528187e-01 4.461848906140656323e-01 4.857564541726890894e-01 5.233418337133683984e-01 5.685869104500838045e-01 6.215885189263761212e-01 6.299413105294050519e-01 6.720061065858444760e-01 6.907460384654875440e-01 7.540235840166488179e-01 7.561966663261917576e-01 7.699606162571046575e-01 7.957722440171910439e-01 8.279287907167017790e-01 8.529876615045244304e-01 8.554270582687926172e-01 8.663682150042837371e-01 9.261682324734976657e-01 9.094986555616551005e-01
3.168036645838214760e-01 3.584264186822594955e-01 4.085971859485532653e-01 4.201728304557362237e-01 4.598322003056750651e-01 4.985113243363438196e-01 5.554903978899117245e-01 6.038096722148841300e-01 6.377885051020957263e-01 6.786069783061728922e-01 6.915277717585509576e-01 7.544922832159500770e-01 7.420943619430084848e-01 8.091551870215117903e-01 8.046883222927828649e-01 8.303023003192958607e-01 8.754492764309513841e-01 8.305946426504065006e-01 9.140682619305766643e-01 9.309090069893017905e-01
2.754892833365609195e-01 3.096762151977149324e-01 3.455837743922620664e-01 3.772333598072703520e-01 4.343399742073510428e-01 4.600523239555895372e-01 5.015824815138884007e-01 5.453639907739350479e-01 6.013554340788332953e-01 6.080204053748816673e-01 6.482207417795051718e-01 6.912370509594139012e-01 7.447640217451716449e-01 7.579470923528098814e-01 7.777319127929435139e-01 8.127417757980364144e-01 7.922730929710982695e-01 8.356880967229639579e-01 8.819455423993901588e-01 9.125350670226430871e-01
2.310156240242575987e-01 2.701288874119959216e-01 2.919226779261426263e-01 3.410557217080403825e-01 3.727767610531737552e-01 4.168376629950925061e-01 4.434653667744569150e-01 4.752735399029386909e-01 5.346885297277297333e-01 5.599970877721403006e-01 6.031324286302750526e-01 6.416570208482718085e-01 6.956249041063500282e-01 7.269621812195502519e-01 7.530080621937370600e-01 7.926552724790738580e-01 8.024037694201837656e-01 8.207404054848638220e-01 8.314886818943044711e-01 9.062068915568614047e-01
1.992721437109621352e-01 2.295832066927103732e-01 2.559343200960701448e-01 2.890492243410735518e-01 3.325103200218694210e-01 3.499325556521978853e-01 3.896852948781587278e-01 4.477012688611347047e-01 4.730827506235859015e-01 5.156504861688422370e-01 5.470485072578057384e-01 6.230369542079069456e-01 6.428969758735719742e-01 6.497259947098277255e-01 7.205316434259467773e-01 7.326527569884404567e-01 7.672452560729443594e-01 7.987864929211400122e-01 8.217716668894077259e-01 8.705446955531802589e-01
1.758488290491328487e-01 2.087122409330279538e-01 2.241382170432675291e-01 2.524068410995931044e-01 2.856121836416869453e-01 3.033629386760374191e-01 3.429804864343960480e-01 3.779237337080937897e-01 4.287916139773808033e-01 4.718463449513675689e-01 4.927207242534940579e-01 5.600816005524545949e-01 5.813960866654611648e-01 6.133175311604550650e-01 6.629352100002671166e-01 6.926845045721157224e-01 7.143804751270065312e-01 7.409061008040174201e-01 7.594959089428814369e-01 8.121364887094240093e-01
1.530352095234202014e-01 1.752082938633328646e-01 1.889980712354391024e-01 2.158067326335685321e-01 2.435492675926750339e-01 2.585127256656835626e-01 3.038204587252887889e-01 3.327753395075769838e-01 3.610895470208314584e-01 4.043101546732127960e-01 4.549066953434966476e-01 4.715956461043557257e-01 5.397869609899577092e-01 5.770876481692678306e-01 6.406017085198405514e-01 6.266967338340903027e-01 7.130918367291965154e-01 7.074814658600295791e-01 7.264754409014927417e-01 7.789410330896345824e-01
1.331355103805568207e-01 1.498450365370111448e-01 1.673110382733730139e-01 1.876330659292125003e-01 2.070881874261815137e-01 2.404657764073883930e-01 2.637193499588300627e-01 2.998172957384814263e-01 3.136673516729433508e-01 3.524401120968282952e-01 3.833344385827802125e-01 4.368592693926050541e-01 4.715179162489937514e-01 5.122523991396360499e-01 5.459494524435386520e-01 5.880875930177698052e-01 6.256684902099758361e-01 6.582047231352671224e-01 7.030572547507982772e-01 7.198078938679753902e-01
1.120498207117683193e-01 1.292945201101642627e-01 1.454061360869951802e-01 1.608684745363618829e-01 1.853449740224709097e-01 2.034133692046379838e-01 2.326912389387464364e-01 2.646794605349029328e-01 2.772056641605094573e-01 3.155770618527193871e-01 3.498608384679238736e-01 3.699839740164563295e-01 4.268054659884032431e-01 4.605556360668629501e-01 4.985746413911621433e-01 5.238142628779898224e-01 5.494611873165456961e-01 5.922408291920275847e-01 6.467587971329632479e-01 7.014769415312384071e-01
9.623922299527265523e-02 1.095158547644958097e-01 1.248652919641691367e-01 1.405514897017786646e-01 1.602618853653192121e-01 1.802896562354785737e-01 1.994231808787248206e-01 2.223998948052341440e-01 2.463005991387269000e-01 2.717342507629370574e-01 3.092085067016953071e-01 3.375801165017495720e-01 3.684346524362429598e-01 4.163704022058153376e-01 4.287382153164279730e-01 4.700011039630125897e-01 5.042255027623367969e-01 5.645816581206144491e-01 5.888850273439595329e-01 6.349282937797190440e-01
8.449837535970247671e-02 9.814020587038359278e-02 1.101507535718564273e-01 1.258977317621963743e-01 1.332260963159373202e-01 1.529291283570831383e-01 1.707363306448255180e-01 1.901046483908905849e-01 2.218248366620912682e-01 2.382323220306641620e-01 2.714961711464632388e-01 2.829060424377392025e-01 3.142057458962286831e-01 3.564421641192478396e-01 3.912519858246634175e-01 4.082514820433851832e-01 4.786096476962109492e-01 4.872107617506116206e-01 5.431015081529724231e-01 5.705272817565965049e-01
7.416076030951204712e-02 8.249329572463981464e-02 9.492733925522779670e-02 1.039731985658397528e-01 1.197666443476750747e-01 1.353509004028236873e-01 1.528419409342788304e-01 1.651058013381850320e-01 1.859233706381750451e-01 2.028596757072784196e-01 2.250750355893689769e-01 2.505490431674695095e-01 2.938124777640048202e-01 3.192592527758241205e-01 3.459925913954586818e-01 3.738892904235384673e-01 4.032579975134623074e-01 4.483391621094455770e-01 4.881908405185219624e-01 5.215550852465739018e-01
6.158086325416372436e-02 7.051254681325563878e-02 8.086191485055661821e-02 9.187131541338026952e-02 1.045327542890435862e-01 1.141333645377400341e-01 1.283907276005288312e-01 1.441305036700014641e-01 1.613258797045578619e-01 1.827503963682486354e-01 1.940928184418303781e-01 2.289919985126485924e-01 2.554855400503692753e-01 2.688490616461210458e-01 2.973958032945846486e-01 3.367714924228837892e-01 3.635191229610476027e-01 3.809324313070604484e-01 4.296747608805431273e-01 4.720854295506285436e-01
5.328086685995422206e-02 6.176818137210559473e-02 7.056598414203772707e-02 7.696018453199289511e-02 8.975083488376862928e-02 9.798883930056513647e-02 1.128914458354768613e-01 1.202348856309620184e-01 1.369385659646554232e-01 1.579477908046580115e-01 1.724118944241945783e-01 1.917390866223113721e-01 2.092609883583003982e-01 2.362791900173508430e-01 2.568698475973901774e-01 2.782021047146729931e-01 3.215425418930186185e-01 3.605910792427960421e-01 3.822039103096236401e-01 4.109081032139538237e-01
4.767686559719520878e-02 5.400441216119769572e-02 6.109170690278214327e-02 6.792706017478729319e-02 7.744953266276118076e-02 8.641849615402158458e-02 9.778768542949539677e-02 1.094873390107039685e-01 1.239882682491726118e-01 1.368065846094060622e-01 1.463650621024852605e-01 1.682884504149980975e-01 1.852509851425117038e-01 2.007648605605273362e-01 2.302828907818067483e-01 2.477289842854600022e-01 2.739988909476894219e-01 3.061324612037857884e-01 3.373473678749406846e-01 3.699464934149063744e-01
4.225272173879799503e-02 4.662748743710695004e-02 5.496272100943052491e-02 6.034761304118076847e-02 6.822818646602817061e-02 7.696019093467779126e-02 8.482909109088002109e-02 9.428902680168099737e-02 1.094697101477829504e-01 1.221685093104102615e-01 1.270605346203826924e-01 1.466581496292826137e-01 1.619154494571887482e-01 1.824879100476920202e-01 1.994505796155500998e-01 2.174514575393752536e-01 2.443870709372056582e-01 2.635077413761034437e-01 2.891367362526341966e-01 3.269449395003256598e-01
3.477919063003339500e-02 3.993877916190114591e-02 4.606774950823947640e-02 5.096130717957433887e-02 5.725518156358581912e-02 6.666678905767842167e-02 7.573505129117671930e-02 8.254697875524440176e-02 9.600682434325964743e-02 1.005957824065044359e-01 1.102375953500260436e-01 1.234110556517312163e-01 1.438800434626657243e-01 1.580036792393106349e-01 1.705179927390221006e-01 1.926328600365355137e-01 2.158666061568850214e-01 2.310204420911916856e-01 2.446636894803369267e-01 2.788651489394304850e-01
3.197560681983036002e-02 3.486895658362942213e-02 4.057335322789294013e-02 4.505163297550818235e-02 5.189899752054406151e-02 5.921607762642154549e-02 6.344512969104150468e-02 7.163692201154103767e-02 8.037325278162502085e-02 8.850024981418734560e-02 9.918951778904358529e-02 1.115123293045404418e-01 1.241764294039246624e-01 1.400270909444528700e-01 1.514524234666502212e-01 1.683050225226391527e-01 1.904609551064091744e-01 2.077517825869092671e-01 2.305791044190850791e-01 2.460988003671616964e-01
2.683869144891702294e-02 3.196335578041167857e-02 3.526280842534293414e-02 4.034591319873124388e-02 4.346266957535209474e-02 5.005587748953617411e-02 5.561659337537463305e-02 6.341580824853090825e-02 7.126030826331272716e-02 7.724737117959488975e-02 8.834753633452190058e-02 9.583042359522347953e-02 1.103441710891265720e-01 1.200823541948971424e-01 1.384127493279764531e-01 1.502558517196461163e-01 1.623296115958286212e-01 1.783473641230191586e-01 1.974619404137028522e-01 2.213279922999638327e-01
2.365885180189505194e-02 2.766516697328196342e-02 3.071844573520389823e-02 3.423016162802370449e-02 3.934739448143385887e-02 4.316563556766247339e-02 4.937235575076208416e-02 5.729797562286698120e-02 6.405985696715929545e-02 6.823063158988423860e-02 7.979459123166554591e-02 8.592477444247086094e-02 9.740092036593775426e-02 1.045899293635447758e-01 1.159605779702109069e-01 1.307709782805046295e-01 1.437404418153838404e-01 1.638022168351401242e-01 1.765493774773517210e-01 1.890377097823087993e-01
