1.000000000000000000e+01 3.398791091570437795e-01
1.151395399326447588e+01 3.367264607260853637e-01
1.325711365590108848e+01 3.331718702785564368e-01
1.526417967175233414e+01 3.294193663629392255e-01
1.757510624854792169e+01 3.261983363986014073e-01
2.023589647725157548e+01 3.226151579523323099e-01
2.329951810515371946e+01 3.198921338837243389e-01
2.682695795279725814e+01 3.167915310217764846e-01
3.088843596477481768e+01 3.137003890201143785e-01
3.556480306223128451e+01 3.105899949836058438e-01
4.094915062380425042e+01 3.079202789399997919e-01
4.714866363457394272e+01 3.050629861046474378e-01
5.428675439323859564e+01 3.029094663846198521e-01
6.250551925273973097e+01 3.004030922160035866e-01
7.196856730011521108e+01 2.977585766996426186e-01
8.286427728546841820e+01 2.953898106618110253e-01
9.540954763499938451e+01 2.934524880851562267e-01
1.098541141987558376e+02 2.920917072802133863e-01
1.264855216855295765e+02 2.913862292737641191e-01
1.456348477501244361e+02 2.912896924692634504e-01
1.676832936811008210e+02 2.916040420955117729e-01
1.930697728883249624e+02 2.920345022274418723e-01
2.222996482526195621e+02 2.923561526606587302e-01
2.559547922699535718e+02 2.926519560807058218e-01
2.947051702551809740e+02 2.934844525480212463e-01
3.393221771895329653e+02 2.958135025440124521e-01
3.906939937054617076e+02 3.005635413927685851e-01
4.498432668969443853e+02 3.080283065652406060e-01
5.179474679231212804e+02 3.176304109876723070e-01
5.963623316594643029e+02 3.286481535118133679e-01
6.866488450042998011e+02 3.413945645403593243e-01
7.906043210907702132e+02 3.569986052212153482e-01
9.102981779915218112e+02 3.755949948736355126e-01
1.048113134154685213e+03 3.960030545527709611e-01
1.206792640639328965e+03 4.181674576138296739e-01
1.389495494373137490e+03 4.423466711550898545e-01
1.599858719606057321e+03 4.673138928989659657e-01
1.842069969326716318e+03 4.929775592083265878e-01
2.120950887920190326e+03 5.184364767739991775e-01
2.442053094548649824e+03 5.432644539547492046e-01
2.811768697974230690e+03 5.668794872494539172e-01
3.237457542817643116e+03 5.888753832251534259e-01
3.727593720314937855e+03 6.089849842947370195e-01
4.291934260128778078e+03 6.270726732373618217e-01
4.941713361323832942e+03 6.431246062229538651e-01
5.689866029018293375e+03 6.572237784206081956e-01
6.551285568595509176e+03 6.695273969759927279e-01
7.543120063354615013e+03 6.802317805178916821e-01
8.685113737513520391e+03 6.895508458887954495e-01
1.000000000000000000e+04 6.976971299890734057e-01
