#           k/h    P           
    0.10000E-03    0.34538E+03
    0.10202E-03    0.35207E+03
    0.10408E-03    0.35889E+03
    0.10618E-03    0.36585E+03
    0.10833E-03    0.37294E+03
    0.11052E-03    0.38017E+03
    0.11275E-03    0.38754E+03
    0.11503E-03    0.39505E+03
    0.11735E-03    0.40271E+03
    0.11972E-03    0.41052E+03
    0.12214E-03    0.41847E+03
    0.12461E-03    0.42658E+03
    0.12712E-03    0.43485E+03
    0.12969E-03    0.44328E+03
    0.13231E-03    0.45187E+03
    0.13499E-03    0.46063E+03
    0.13771E-03    0.46956E+03
    0.14049E-03    0.47866E+03
    0.14333E-03    0.48793E+03
    0.14623E-03    0.49739E+03
    0.14918E-03    0.50703E+03
    0.15220E-03    0.51686E+03
    0.15527E-03    0.52687E+03
    0.15841E-03    0.53708E+03
    0.16161E-03    0.54749E+03
    0.16487E-03    0.55810E+03
    0.16820E-03    0.56891E+03
    0.17160E-03    0.57994E+03
    0.17507E-03    0.59118E+03
    0.17860E-03    0.60263E+03
    0.18221E-03    0.61431E+03
    0.18589E-03    0.62621E+03
    0.18965E-03    0.63834E+03
    0.19348E-03    0.65071E+03
    0.19739E-03    0.66331E+03
    0.20138E-03    0.67616E+03
    0.20544E-03    0.68926E+03
    0.20959E-03    0.70261E+03
    0.21383E-03    0.71622E+03
    0.21815E-03    0.73009E+03
    0.22255E-03    0.74423E+03
    0.22705E-03    0.75864E+03
    0.23164E-03    0.77333E+03
    0.23632E-03    0.78830E+03
    0.24109E-03    0.80356E+03
    0.24596E-03    0.81912E+03
    0.25093E-03    0.83497E+03
    0.25600E-03    0.85113E+03
    0.26117E-03    0.86760E+03
    0.26645E-03    0.88439E+03
    0.27183E-03    0.90150E+03
    0.27732E-03    0.91894E+03
    0.28292E-03    0.93672E+03
    0.28864E-03    0.95483E+03
    0.29447E-03    0.97330E+03
    0.30042E-03    0.99212E+03
    0.30649E-03    0.10113E+04
    0.31268E-03    0.10308E+04
    0.31899E-03    0.10508E+04
    0.32544E-03    0.10711E+04
    0.33201E-03    0.10918E+04
    0.33872E-03    0.11128E+04
    0.34556E-03    0.11343E+04
    0.35254E-03    0.11562E+04
    0.35966E-03    0.11785E+04
    0.36693E-03    0.12013E+04
    0.37434E-03    0.12245E+04
    0.38190E-03    0.12481E+04
    0.38962E-03    0.12721E+04
    0.39749E-03    0.12967E+04
    0.40552E-03    0.13216E+04
    0.41371E-03    0.13471E+04
    0.42207E-03    0.13730E+04
    0.43060E-03    0.13995E+04
    0.43929E-03    0.14264E+04
    0.44817E-03    0.14538E+04
    0.45722E-03    0.14818E+04
    0.46646E-03    0.15103E+04
    0.47588E-03    0.15393E+04
    0.48550E-03    0.15688E+04
    0.49530E-03    0.15990E+04
    0.50531E-03    0.16296E+04
    0.51552E-03    0.16609E+04
    0.52593E-03    0.16927E+04
    0.53656E-03    0.17251E+04
    0.54739E-03    0.17582E+04
    0.55845E-03    0.17918E+04
    0.56973E-03    0.18261E+04
    0.58124E-03    0.18610E+04
    0.59299E-03    0.18965E+04
    0.60496E-03    0.19327E+04
    0.61719E-03    0.19696E+04
    0.62965E-03    0.20072E+04
    0.64237E-03    0.20454E+04
    0.65535E-03    0.20843E+04
    0.66859E-03    0.21240E+04
    0.68210E-03    0.21644E+04
    0.69588E-03    0.22055E+04
    0.70993E-03    0.22474E+04
    0.72427E-03    0.22900E+04
    0.73891E-03    0.23334E+04
    0.75383E-03    0.23776E+04
    0.76906E-03    0.24226E+04
    0.78460E-03    0.24684E+04
    0.80045E-03    0.25150E+04
    0.81662E-03    0.25625E+04
    0.83311E-03    0.26108E+04
    0.84994E-03    0.26600E+04
    0.86711E-03    0.27101E+04
    0.88463E-03    0.27610E+04
    0.90250E-03    0.28129E+04
    0.92073E-03    0.28657E+04
    0.93933E-03    0.29194E+04
    0.95831E-03    0.29740E+04
    0.97767E-03    0.30297E+04
    0.99742E-03    0.30863E+04
    0.10176E-02    0.31439E+04
    0.10381E-02    0.32025E+04
    0.10591E-02    0.32621E+04
    0.10805E-02    0.33228E+04
    0.11023E-02    0.33845E+04
    0.11246E-02    0.34473E+04
    0.11473E-02    0.35111E+04
    0.11705E-02    0.35761E+04
    0.11941E-02    0.36421E+04
    0.12182E-02    0.37093E+04
    0.12429E-02    0.37777E+04
    0.12680E-02    0.38471E+04
    0.12936E-02    0.39178E+04
    0.13197E-02    0.39896E+04
    0.13464E-02    0.40627E+04
    0.13736E-02    0.41369E+04
    0.14013E-02    0.42124E+04
    0.14296E-02    0.42891E+04
    0.14585E-02    0.43671E+04
    0.14880E-02    0.44463E+04
    0.15180E-02    0.45269E+04
    0.15487E-02    0.46087E+04
    0.15800E-02    0.46919E+04
    0.16119E-02    0.47763E+04
    0.16445E-02    0.48622E+04
    0.16777E-02    0.49493E+04
    0.17116E-02    0.50379E+04
    0.17462E-02    0.51278E+04
    0.17814E-02    0.52191E+04
    0.18174E-02    0.53118E+04
    0.18541E-02    0.54060E+04
    0.18916E-02    0.55015E+04
    0.19298E-02    0.55985E+04
    0.19688E-02    0.56969E+04
    0.20086E-02    0.57968E+04
    0.20491E-02    0.58982E+04
    0.20905E-02    0.60010E+04
    0.21328E-02    0.61053E+04
    0.21758E-02    0.62111E+04
    0.22198E-02    0.63185E+04
    0.22646E-02    0.64273E+04
    0.23104E-02    0.65376E+04
    0.23571E-02    0.66494E+04
    0.24047E-02    0.67628E+04
    0.24533E-02    0.68777E+04
    0.25028E-02    0.69941E+04
    0.25534E-02    0.71121E+04
    0.26050E-02    0.72315E+04
    0.26576E-02    0.73525E+04
    0.27113E-02    0.74751E+04
    0.27660E-02    0.75991E+04
    0.28219E-02    0.77247E+04
    0.28789E-02    0.78518E+04
    0.29371E-02    0.79805E+04
    0.29964E-02    0.81107E+04
    0.30569E-02    0.82423E+04
    0.31187E-02    0.83755E+04
    0.31817E-02    0.85102E+04
    0.32460E-02    0.86463E+04
    0.33115E-02    0.87839E+04
    0.33784E-02    0.89230E+04
    0.34467E-02    0.90635E+04
    0.35163E-02    0.92054E+04
    0.35874E-02    0.93487E+04
    0.36598E-02    0.94935E+04
    0.37338E-02    0.96395E+04
    0.38092E-02    0.97870E+04
    0.38861E-02    0.99357E+04
    0.39646E-02    0.10086E+05
    0.40447E-02    0.10237E+05
    0.41264E-02    0.10390E+05
    0.42098E-02    0.10543E+05
    0.42948E-02    0.10698E+05
    0.43816E-02    0.10854E+05
    0.44701E-02    0.11012E+05
    0.45604E-02    0.11170E+05
    0.46525E-02    0.11329E+05
    0.47465E-02    0.11489E+05
    0.48424E-02    0.11650E+05
    0.49402E-02    0.11813E+05
    0.50400E-02    0.11975E+05
    0.51419E-02    0.12139E+05
    0.52457E-02    0.12303E+05
    0.53517E-02    0.12468E+05
    0.54598E-02    0.12634E+05
    0.55701E-02    0.12800E+05
    0.56826E-02    0.12967E+05
    0.57974E-02    0.13134E+05
    0.59145E-02    0.13301E+05
    0.60340E-02    0.13469E+05
    0.61559E-02    0.13637E+05
    0.62803E-02    0.13805E+05
    0.64072E-02    0.13972E+05
    0.65366E-02    0.14140E+05
    0.66686E-02    0.14307E+05
    0.68033E-02    0.14474E+05
    0.69408E-02    0.14641E+05
    0.70810E-02    0.14807E+05
    0.72240E-02    0.14973E+05
    0.73700E-02    0.15138E+05
    0.75189E-02    0.15302E+05
    0.76708E-02    0.15465E+05
    0.78257E-02    0.15627E+05
    0.79838E-02    0.15787E+05
    0.81451E-02    0.15947E+05
    0.83096E-02    0.16105E+05
    0.84775E-02    0.16261E+05
    0.86488E-02    0.16416E+05
    0.88235E-02    0.16569E+05
    0.90017E-02    0.16720E+05
    0.91836E-02    0.16868E+05
    0.93691E-02    0.17015E+05
    0.95583E-02    0.17158E+05
    0.97514E-02    0.17300E+05
    0.99484E-02    0.17438E+05
    0.10149E-01    0.17573E+05
    0.10354E-01    0.17705E+05
    0.10564E-01    0.17834E+05
    0.10777E-01    0.17960E+05
    0.10995E-01    0.18081E+05
    0.11217E-01    0.18199E+05
    0.11443E-01    0.18312E+05
    0.11675E-01    0.18422E+05
    0.11910E-01    0.18526E+05
    0.12151E-01    0.18627E+05
    0.12397E-01    0.18722E+05
    0.12647E-01    0.18812E+05
    0.12902E-01    0.18897E+05
    0.13163E-01    0.18976E+05
    0.13429E-01    0.19050E+05
    0.13700E-01    0.19118E+05
    0.13977E-01    0.19179E+05
    0.14259E-01    0.19235E+05
    0.14547E-01    0.19283E+05
    0.14841E-01    0.19325E+05
    0.15141E-01    0.19360E+05
    0.15447E-01    0.19388E+05
    0.15759E-01    0.19409E+05
    0.16077E-01    0.19422E+05
    0.16402E-01    0.19427E+05
    0.16734E-01    0.19425E+05
    0.17072E-01    0.19414E+05
    0.17416E-01    0.19396E+05
    0.17768E-01    0.19368E+05
    0.18127E-01    0.19333E+05
    0.18493E-01    0.19288E+05
    0.18867E-01    0.19235E+05
    0.19248E-01    0.19173E+05
    0.19637E-01    0.19102E+05
    0.20034E-01    0.19022E+05
    0.20438E-01    0.18933E+05
    0.20851E-01    0.18835E+05
    0.21272E-01    0.18728E+05
    0.21702E-01    0.18611E+05
    0.22141E-01    0.18486E+05
    0.22588E-01    0.18351E+05
    0.23044E-01    0.18207E+05
    0.23510E-01    0.18055E+05
    0.23985E-01    0.17894E+05
    0.24469E-01    0.17724E+05
    0.24964E-01    0.17546E+05
    0.25468E-01    0.17360E+05
    0.25982E-01    0.17166E+05
    0.26507E-01    0.16965E+05
    0.27043E-01    0.16756E+05
    0.27589E-01    0.16541E+05
    0.28146E-01    0.16319E+05
    0.28715E-01    0.16091E+05
    0.29295E-01    0.15858E+05
    0.29887E-01    0.15620E+05
    0.30490E-01    0.15377E+05
    0.31106E-01    0.15131E+05
    0.31735E-01    0.14881E+05
    0.32376E-01    0.14629E+05
    0.33030E-01    0.14374E+05
    0.33697E-01    0.14119E+05
    0.34378E-01    0.13862E+05
    0.35072E-01    0.13606E+05
    0.35781E-01    0.13351E+05
    0.36504E-01    0.13097E+05
    0.37241E-01    0.12845E+05
    0.37993E-01    0.12594E+05
    0.38761E-01    0.12345E+05
    0.39544E-01    0.12100E+05
    0.40343E-01    0.11860E+05
    0.41158E-01    0.11626E+05
    0.41989E-01    0.11397E+05
    0.42838E-01    0.11176E+05
    0.43703E-01    0.10962E+05
    0.44586E-01    0.10756E+05
    0.45486E-01    0.10557E+05
    0.46405E-01    0.10367E+05
    0.47343E-01    0.10184E+05
    0.48299E-01    0.10010E+05
    0.49275E-01    0.98434E+04
    0.50270E-01    0.96840E+04
    0.51286E-01    0.95315E+04
    0.52322E-01    0.93854E+04
    0.53379E-01    0.92451E+04
    0.54457E-01    0.91101E+04
    0.55557E-01    0.89800E+04
    0.56680E-01    0.88534E+04
    0.57825E-01    0.87292E+04
    0.58993E-01    0.86111E+04
    0.60184E-01    0.84997E+04
    0.61400E-01    0.83892E+04
    0.62641E-01    0.82747E+04
    0.63906E-01    0.81569E+04
    0.65197E-01    0.80376E+04
    0.66514E-01    0.79156E+04
    0.67858E-01    0.77884E+04
    0.69229E-01    0.76548E+04
    0.70627E-01    0.75139E+04
    0.72054E-01    0.73649E+04
    0.73510E-01    0.72072E+04
    0.74994E-01    0.70404E+04
    0.76509E-01    0.68649E+04
    0.78055E-01    0.66813E+04
    0.79632E-01    0.64905E+04
    0.81241E-01    0.62939E+04
    0.82882E-01    0.60931E+04
    0.84556E-01    0.58898E+04
    0.86264E-01    0.56859E+04
    0.88007E-01    0.54832E+04
    0.89785E-01    0.52835E+04
    0.91598E-01    0.50886E+04
    0.93449E-01    0.49000E+04
    0.95337E-01    0.47194E+04
    0.97263E-01    0.45482E+04
    0.99227E-01    0.43877E+04
    0.10123E+00    0.42390E+04
    0.10328E+00    0.41030E+04
    0.10536E+00    0.39800E+04
    0.10749E+00    0.38700E+04
    0.10966E+00    0.37724E+04
    0.11188E+00    0.36862E+04
    0.11414E+00    0.36098E+04
    0.11644E+00    0.35413E+04
    0.11880E+00    0.34782E+04
    0.12120E+00    0.34181E+04
    0.12365E+00    0.33582E+04
    0.12614E+00    0.32957E+04
    0.12869E+00    0.32282E+04
    0.13129E+00    0.31535E+04
    0.13394E+00    0.30704E+04
    0.13665E+00    0.29785E+04
    0.13941E+00    0.28785E+04
    0.14223E+00    0.27720E+04
    0.14510E+00    0.26610E+04
    0.14803E+00    0.25481E+04
    0.15102E+00    0.24356E+04
    0.15407E+00    0.23262E+04
    0.15718E+00    0.22223E+04
    0.16036E+00    0.21264E+04
    0.16360E+00    0.20403E+04
    0.16690E+00    0.19653E+04
    0.17028E+00    0.19013E+04
    0.17371E+00    0.18473E+04
    0.17722E+00    0.18009E+04
    0.18080E+00    0.17597E+04
    0.18446E+00    0.17209E+04
    0.18818E+00    0.16821E+04
    0.19198E+00    0.16407E+04
    0.19586E+00    0.15950E+04
    0.19982E+00    0.15437E+04
    0.20386E+00    0.14868E+04
    0.20797E+00    0.14257E+04
    0.21218E+00    0.13624E+04
    0.21646E+00    0.12996E+04
    0.22083E+00    0.12397E+04
    0.22530E+00    0.11848E+04
    0.22985E+00    0.11363E+04
    0.23449E+00    0.10947E+04
    0.23923E+00    0.10592E+04
    0.24406E+00    0.10284E+04
    0.24899E+00    0.99995E+03
    0.25402E+00    0.97165E+03
    0.25915E+00    0.94171E+03
    0.26439E+00    0.90921E+03
    0.26973E+00    0.87395E+03
    0.27518E+00    0.83689E+03
    0.28074E+00    0.79957E+03
    0.28641E+00    0.76372E+03
    0.29219E+00    0.73094E+03
    0.29810E+00    0.70178E+03
    0.30412E+00    0.67618E+03
    0.31026E+00    0.65322E+03
    0.31653E+00    0.63163E+03
    0.32292E+00    0.61017E+03
    0.32945E+00    0.58780E+03
    0.33610E+00    0.56445E+03
    0.34289E+00    0.54052E+03
    0.34982E+00    0.51702E+03
    0.35689E+00    0.49497E+03
    0.36409E+00    0.47477E+03
    0.37145E+00    0.45648E+03
    0.37895E+00    0.43950E+03
    0.38661E+00    0.42317E+03
    0.39442E+00    0.40692E+03
    0.40239E+00    0.39045E+03
    0.41052E+00    0.37405E+03
    0.41881E+00    0.35813E+03
    0.42727E+00    0.34310E+03
    0.43590E+00    0.32918E+03
    0.44471E+00    0.31612E+03
    0.45369E+00    0.30361E+03
    0.46286E+00    0.29134E+03
    0.47221E+00    0.27922E+03
    0.48174E+00    0.26742E+03
    0.49148E+00    0.25613E+03
    0.50141E+00    0.24544E+03
    0.51153E+00    0.23534E+03
    0.52187E+00    0.22564E+03
    0.53241E+00    0.21623E+03
    0.54317E+00    0.20709E+03
    0.55414E+00    0.19828E+03
    0.56533E+00    0.18986E+03
    0.57675E+00    0.18185E+03
    0.58840E+00    0.17417E+03
    0.60029E+00    0.16676E+03
    0.61242E+00    0.15963E+03
    0.62479E+00    0.15277E+03
    0.63741E+00    0.14621E+03
    0.65029E+00    0.13994E+03
    0.66342E+00    0.13392E+03
    0.67683E+00    0.12815E+03
    0.69050E+00    0.12261E+03
    0.70445E+00    0.11729E+03
    0.71868E+00    0.11219E+03
    0.73320E+00    0.10729E+03
    0.74801E+00    0.10260E+03
    0.76312E+00    0.98104E+02
    0.77854E+00    0.93794E+02
    0.79426E+00    0.89665E+02
    0.81031E+00    0.85709E+02
    0.82668E+00    0.81921E+02
    0.84338E+00    0.78293E+02
    0.86041E+00    0.74820E+02
    0.87780E+00    0.71495E+02
    0.89553E+00    0.68312E+02
    0.91362E+00    0.65265E+02
    0.93208E+00    0.62348E+02
    0.95091E+00    0.59557E+02
    0.97011E+00    0.56885E+02
    0.98971E+00    0.54329E+02
    0.10097E+01    0.51883E+02
    0.10301E+01    0.49543E+02
    0.10509E+01    0.47304E+02
    0.10721E+01    0.45162E+02
    0.10938E+01    0.43114E+02
    0.11159E+01    0.41155E+02
    0.11384E+01    0.39282E+02
    0.11614E+01    0.37491E+02
    0.11849E+01    0.35778E+02
    0.12088E+01    0.34141E+02
    0.12333E+01    0.32577E+02
    0.12582E+01    0.31081E+02
    0.12836E+01    0.29652E+02
    0.13095E+01    0.28287E+02
    0.13360E+01    0.26982E+02
    0.13630E+01    0.25735E+02
    0.13905E+01    0.24545E+02
    0.14186E+01    0.23407E+02
    0.14472E+01    0.22321E+02
    0.14765E+01    0.21284E+02
    0.15063E+01    0.20293E+02
    0.15367E+01    0.19347E+02
    0.15678E+01    0.18444E+02
    0.15994E+01    0.17582E+02
    0.16318E+01    0.16758E+02
    0.16647E+01    0.15973E+02
    0.16984E+01    0.15223E+02
    0.17327E+01    0.14507E+02
    0.17677E+01    0.13824E+02
    0.18034E+01    0.13173E+02
    0.18398E+01    0.12551E+02
    0.18770E+01    0.11957E+02
    0.19149E+01    0.11392E+02
    0.19536E+01    0.10852E+02
    0.19930E+01    0.10337E+02
    0.20333E+01    0.98456E+01
    0.20744E+01    0.93772E+01
    0.21163E+01    0.89306E+01
    0.21590E+01    0.85047E+01
    0.22026E+01    0.80986E+01
    0.22471E+01    0.77114E+01
    0.22925E+01    0.73423E+01
    0.23388E+01    0.69905E+01
    0.23861E+01    0.66551E+01
    0.24343E+01    0.63354E+01
    0.24835E+01    0.60308E+01
    0.25336E+01    0.57404E+01
    0.25848E+01    0.54638E+01
    0.26370E+01    0.52001E+01
    0.26903E+01    0.49489E+01
    0.27447E+01    0.47096E+01
    0.28001E+01    0.44816E+01
    0.28567E+01    0.42644E+01
    0.29144E+01    0.40575E+01
    0.29733E+01    0.38605E+01
    0.30333E+01    0.36728E+01
    0.30946E+01    0.34940E+01
    0.31571E+01    0.33238E+01
    0.32209E+01    0.31617E+01
    0.32860E+01    0.30074E+01
    0.33523E+01    0.28604E+01
    0.34201E+01    0.27205E+01
    0.34892E+01    0.25873E+01
    0.35596E+01    0.24605E+01
    0.36316E+01    0.23398E+01
    0.37049E+01    0.22249E+01
    0.37798E+01    0.21156E+01
    0.38561E+01    0.20115E+01
    0.39340E+01    0.19124E+01
    0.40135E+01    0.18182E+01
    0.40946E+01    0.17285E+01
    0.41773E+01    0.16431E+01
    0.42617E+01    0.15619E+01
    0.43478E+01    0.14847E+01
    0.44356E+01    0.14112E+01
    0.45252E+01    0.13413E+01
    0.46166E+01    0.12747E+01
    0.47099E+01    0.12115E+01
    0.48050E+01    0.11513E+01
    0.49021E+01    0.10940E+01
    0.50011E+01    0.10396E+01
    0.51021E+01    0.98782E+00
    0.52052E+01    0.93859E+00
    0.53104E+01    0.89177E+00
    0.54176E+01    0.84725E+00
    0.55271E+01    0.80491E+00
    0.56387E+01    0.76467E+00
    0.57526E+01    0.72640E+00
    0.58689E+01    0.69002E+00
    0.59874E+01    0.65543E+00
    0.61084E+01    0.62256E+00
    0.62318E+01    0.59130E+00
    0.63577E+01    0.56160E+00
    0.64861E+01    0.53336E+00
    0.66171E+01    0.50653E+00
    0.67508E+01    0.48102E+00
    0.68872E+01    0.45679E+00
    0.70263E+01    0.43376E+00
    0.71682E+01    0.41187E+00
    0.73130E+01    0.39108E+00
    0.74608E+01    0.37132E+00
    0.76115E+01    0.35254E+00
    0.77653E+01    0.33471E+00
    0.79221E+01    0.31777E+00
    0.80822E+01    0.30167E+00
    0.82454E+01    0.28637E+00
    0.84120E+01    0.27185E+00
    0.85819E+01    0.25805E+00
    0.87553E+01    0.24494E+00
    0.89322E+01    0.23248E+00
    0.91126E+01    0.22065E+00
    0.92967E+01    0.20942E+00
    0.94845E+01    0.19875E+00
    0.96761E+01    0.18861E+00
    0.98716E+01    0.17899E+00
    0.10071E+02    0.16984E+00
    0.10274E+02    0.16117E+00
    0.10482E+02    0.15293E+00
    0.10694E+02    0.14511E+00
    0.10910E+02    0.13768E+00
    0.11130E+02    0.13064E+00
    0.11355E+02    0.12395E+00
    0.11584E+02    0.11760E+00
