#           k/h    P           
    0.10000E-03    0.46031E+02
    0.10202E-03    0.46923E+02
    0.10408E-03    0.47832E+02
    0.10618E-03    0.48759E+02
    0.10833E-03    0.49704E+02
    0.11052E-03    0.50667E+02
    0.11275E-03    0.51649E+02
    0.11503E-03    0.52650E+02
    0.11735E-03    0.53670E+02
    0.11972E-03    0.54710E+02
    0.12214E-03    0.55770E+02
    0.12461E-03    0.56850E+02
    0.12712E-03    0.57951E+02
    0.12969E-03    0.59074E+02
    0.13231E-03    0.60219E+02
    0.13499E-03    0.61385E+02
    0.13771E-03    0.62574E+02
    0.14049E-03    0.63786E+02
    0.14333E-03    0.65022E+02
    0.14623E-03    0.66281E+02
    0.14918E-03    0.67565E+02
    0.15220E-03    0.68874E+02
    0.15527E-03    0.70208E+02
    0.15841E-03    0.71567E+02
    0.16161E-03    0.72953E+02
    0.16487E-03    0.74366E+02
    0.16820E-03    0.75806E+02
    0.17160E-03    0.77274E+02
    0.17507E-03    0.78771E+02
    0.17860E-03    0.80296E+02
    0.18221E-03    0.81850E+02
    0.18589E-03    0.83435E+02
    0.18965E-03    0.85050E+02
    0.19348E-03    0.86697E+02
    0.19739E-03    0.88375E+02
    0.20138E-03    0.90085E+02
    0.20544E-03    0.91829E+02
    0.20959E-03    0.93606E+02
    0.21383E-03    0.95418E+02
    0.21815E-03    0.97264E+02
    0.22255E-03    0.99146E+02
    0.22705E-03    0.10106E+03
    0.23164E-03    0.10302E+03
    0.23632E-03    0.10501E+03
    0.24109E-03    0.10704E+03
    0.24596E-03    0.10911E+03
    0.25093E-03    0.11122E+03
    0.25600E-03    0.11338E+03
    0.26117E-03    0.11557E+03
    0.26645E-03    0.11780E+03
    0.27183E-03    0.12008E+03
    0.27732E-03    0.12240E+03
    0.28292E-03    0.12477E+03
    0.28864E-03    0.12718E+03
    0.29447E-03    0.12963E+03
    0.30042E-03    0.13214E+03
    0.30649E-03    0.13469E+03
    0.31268E-03    0.13729E+03
    0.31899E-03    0.13995E+03
    0.32544E-03    0.14265E+03
    0.33201E-03    0.14540E+03
    0.33872E-03    0.14821E+03
    0.34556E-03    0.15107E+03
    0.35254E-03    0.15398E+03
    0.35966E-03    0.15695E+03
    0.36693E-03    0.15998E+03
    0.37434E-03    0.16307E+03
    0.38190E-03    0.16621E+03
    0.38962E-03    0.16942E+03
    0.39749E-03    0.17268E+03
    0.40552E-03    0.17601E+03
    0.41371E-03    0.17940E+03
    0.42207E-03    0.18285E+03
    0.43060E-03    0.18637E+03
    0.43929E-03    0.18996E+03
    0.44817E-03    0.19362E+03
    0.45722E-03    0.19734E+03
    0.46646E-03    0.20114E+03
    0.47588E-03    0.20500E+03
    0.48550E-03    0.20894E+03
    0.49530E-03    0.21296E+03
    0.50531E-03    0.21705E+03
    0.51552E-03    0.22122E+03
    0.52593E-03    0.22546E+03
    0.53656E-03    0.22979E+03
    0.54739E-03    0.23419E+03
    0.55845E-03    0.23868E+03
    0.56973E-03    0.24326E+03
    0.58124E-03    0.24792E+03
    0.59299E-03    0.25266E+03
    0.60496E-03    0.25750E+03
    0.61719E-03    0.26242E+03
    0.62965E-03    0.26744E+03
    0.64237E-03    0.27255E+03
    0.65535E-03    0.27775E+03
    0.66859E-03    0.28305E+03
    0.68210E-03    0.28845E+03
    0.69588E-03    0.29395E+03
    0.70993E-03    0.29955E+03
    0.72427E-03    0.30525E+03
    0.73891E-03    0.31106E+03
    0.75383E-03    0.31697E+03
    0.76906E-03    0.32299E+03
    0.78460E-03    0.32912E+03
    0.80045E-03    0.33536E+03
    0.81662E-03    0.34172E+03
    0.83311E-03    0.34819E+03
    0.84994E-03    0.35477E+03
    0.86711E-03    0.36148E+03
    0.88463E-03    0.36831E+03
    0.90250E-03    0.37526E+03
    0.92073E-03    0.38233E+03
    0.93933E-03    0.38953E+03
    0.95831E-03    0.39686E+03
    0.97767E-03    0.40431E+03
    0.99742E-03    0.41190E+03
    0.10176E-02    0.41962E+03
    0.10381E-02    0.42748E+03
    0.10591E-02    0.43548E+03
    0.10805E-02    0.44361E+03
    0.11023E-02    0.45189E+03
    0.11246E-02    0.46031E+03
    0.11473E-02    0.46887E+03
    0.11705E-02    0.47758E+03
    0.11941E-02    0.48644E+03
    0.12182E-02    0.49546E+03
    0.12429E-02    0.50462E+03
    0.12680E-02    0.51394E+03
    0.12936E-02    0.52342E+03
    0.13197E-02    0.53306E+03
    0.13464E-02    0.54286E+03
    0.13736E-02    0.55282E+03
    0.14013E-02    0.56294E+03
    0.14296E-02    0.57323E+03
    0.14585E-02    0.58370E+03
    0.14880E-02    0.59433E+03
    0.15180E-02    0.60513E+03
    0.15487E-02    0.61611E+03
    0.15800E-02    0.62727E+03
    0.16119E-02    0.63860E+03
    0.16445E-02    0.65011E+03
    0.16777E-02    0.66180E+03
    0.17116E-02    0.67368E+03
    0.17462E-02    0.68574E+03
    0.17814E-02    0.69799E+03
    0.18174E-02    0.71043E+03
    0.18541E-02    0.72305E+03
    0.18916E-02    0.73587E+03
    0.19298E-02    0.74888E+03
    0.19688E-02    0.76208E+03
    0.20086E-02    0.77548E+03
    0.20491E-02    0.78907E+03
    0.20905E-02    0.80287E+03
    0.21328E-02    0.81686E+03
    0.21758E-02    0.83105E+03
    0.22198E-02    0.84544E+03
    0.22646E-02    0.86004E+03
    0.23104E-02    0.87484E+03
    0.23571E-02    0.88984E+03
    0.24047E-02    0.90504E+03
    0.24533E-02    0.92045E+03
    0.25028E-02    0.93606E+03
    0.25534E-02    0.95188E+03
    0.26050E-02    0.96791E+03
    0.26576E-02    0.98414E+03
    0.27113E-02    0.10006E+04
    0.27660E-02    0.10172E+04
    0.28219E-02    0.10341E+04
    0.28789E-02    0.10511E+04
    0.29371E-02    0.10684E+04
    0.29964E-02    0.10858E+04
    0.30569E-02    0.11035E+04
    0.31187E-02    0.11213E+04
    0.31817E-02    0.11394E+04
    0.32460E-02    0.11577E+04
    0.33115E-02    0.11761E+04
    0.33784E-02    0.11948E+04
    0.34467E-02    0.12136E+04
    0.35163E-02    0.12326E+04
    0.35874E-02    0.12519E+04
    0.36598E-02    0.12713E+04
    0.37338E-02    0.12909E+04
    0.38092E-02    0.13107E+04
    0.38861E-02    0.13306E+04
    0.39646E-02    0.13507E+04
    0.40447E-02    0.13710E+04
    0.41264E-02    0.13915E+04
    0.42098E-02    0.14121E+04
    0.42948E-02    0.14329E+04
    0.43816E-02    0.14539E+04
    0.44701E-02    0.14749E+04
    0.45604E-02    0.14962E+04
    0.46525E-02    0.15175E+04
    0.47465E-02    0.15390E+04
    0.48424E-02    0.15607E+04
    0.49402E-02    0.15824E+04
    0.50400E-02    0.16043E+04
    0.51419E-02    0.16262E+04
    0.52457E-02    0.16483E+04
    0.53517E-02    0.16704E+04
    0.54598E-02    0.16926E+04
    0.55701E-02    0.17149E+04
    0.56826E-02    0.17373E+04
    0.57974E-02    0.17597E+04
    0.59145E-02    0.17822E+04
    0.60340E-02    0.18047E+04
    0.61559E-02    0.18273E+04
    0.62803E-02    0.18498E+04
    0.64072E-02    0.18723E+04
    0.65366E-02    0.18948E+04
    0.66686E-02    0.19173E+04
    0.68033E-02    0.19397E+04
    0.69408E-02    0.19621E+04
    0.70810E-02    0.19845E+04
    0.72240E-02    0.20067E+04
    0.73700E-02    0.20289E+04
    0.75189E-02    0.20509E+04
    0.76708E-02    0.20728E+04
    0.78257E-02    0.20946E+04
    0.79838E-02    0.21161E+04
    0.81451E-02    0.21376E+04
    0.83096E-02    0.21588E+04
    0.84775E-02    0.21798E+04
    0.86488E-02    0.22006E+04
    0.88235E-02    0.22212E+04
    0.90017E-02    0.22415E+04
    0.91836E-02    0.22614E+04
    0.93691E-02    0.22811E+04
    0.95583E-02    0.23005E+04
    0.97514E-02    0.23195E+04
    0.99484E-02    0.23381E+04
    0.10149E-01    0.23563E+04
    0.10354E-01    0.23741E+04
    0.10564E-01    0.23915E+04
    0.10777E-01    0.24083E+04
    0.10995E-01    0.24247E+04
    0.11217E-01    0.24406E+04
    0.11443E-01    0.24559E+04
    0.11675E-01    0.24706E+04
    0.11910E-01    0.24847E+04
    0.12151E-01    0.24983E+04
    0.12397E-01    0.25111E+04
    0.12647E-01    0.25233E+04
    0.12902E-01    0.25348E+04
    0.13163E-01    0.25455E+04
    0.13429E-01    0.25555E+04
    0.13700E-01    0.25646E+04
    0.13977E-01    0.25730E+04
    0.14259E-01    0.25805E+04
    0.14547E-01    0.25871E+04
    0.14841E-01    0.25929E+04
    0.15141E-01    0.25977E+04
    0.15447E-01    0.26015E+04
    0.15759E-01    0.26044E+04
    0.16077E-01    0.26062E+04
    0.16402E-01    0.26070E+04
    0.16734E-01    0.26068E+04
    0.17072E-01    0.26055E+04
    0.17416E-01    0.26030E+04
    0.17768E-01    0.25995E+04
    0.18127E-01    0.25948E+04
    0.18493E-01    0.25889E+04
    0.18867E-01    0.25819E+04
    0.19248E-01    0.25737E+04
    0.19637E-01    0.25642E+04
    0.20034E-01    0.25536E+04
    0.20438E-01    0.25417E+04
    0.20851E-01    0.25287E+04
    0.21272E-01    0.25143E+04
    0.21702E-01    0.24988E+04
    0.22141E-01    0.24820E+04
    0.22588E-01    0.24640E+04
    0.23044E-01    0.24449E+04
    0.23510E-01    0.24245E+04
    0.23985E-01    0.24029E+04
    0.24469E-01    0.23802E+04
    0.24964E-01    0.23564E+04
    0.25468E-01    0.23315E+04
    0.25982E-01    0.23056E+04
    0.26507E-01    0.22786E+04
    0.27043E-01    0.22507E+04
    0.27589E-01    0.22218E+04
    0.28146E-01    0.21921E+04
    0.28715E-01    0.21616E+04
    0.29295E-01    0.21303E+04
    0.29887E-01    0.20984E+04
    0.30490E-01    0.20659E+04
    0.31106E-01    0.20329E+04
    0.31735E-01    0.19994E+04
    0.32376E-01    0.19655E+04
    0.33030E-01    0.19314E+04
    0.33697E-01    0.18972E+04
    0.34378E-01    0.18628E+04
    0.35072E-01    0.18285E+04
    0.35781E-01    0.17942E+04
    0.36504E-01    0.17602E+04
    0.37241E-01    0.17263E+04
    0.37993E-01    0.16927E+04
    0.38761E-01    0.16593E+04
    0.39544E-01    0.16264E+04
    0.40343E-01    0.15942E+04
    0.41158E-01    0.15627E+04
    0.41989E-01    0.15321E+04
    0.42838E-01    0.15024E+04
    0.43703E-01    0.14736E+04
    0.44586E-01    0.14459E+04
    0.45486E-01    0.14193E+04
    0.46405E-01    0.13938E+04
    0.47343E-01    0.13693E+04
    0.48299E-01    0.13459E+04
    0.49275E-01    0.13235E+04
    0.50270E-01    0.13021E+04
    0.51286E-01    0.12817E+04
    0.52322E-01    0.12621E+04
    0.53379E-01    0.12432E+04
    0.54457E-01    0.12251E+04
    0.55557E-01    0.12076E+04
    0.56680E-01    0.11906E+04
    0.57825E-01    0.11740E+04
    0.58993E-01    0.11581E+04
    0.60184E-01    0.11432E+04
    0.61400E-01    0.11283E+04
    0.62641E-01    0.11130E+04
    0.63906E-01    0.10972E+04
    0.65197E-01    0.10811E+04
    0.66514E-01    0.10647E+04
    0.67858E-01    0.10477E+04
    0.69229E-01    0.10297E+04
    0.70627E-01    0.10108E+04
    0.72054E-01    0.99077E+03
    0.73510E-01    0.96956E+03
    0.74994E-01    0.94715E+03
    0.76509E-01    0.92356E+03
    0.78055E-01    0.89888E+03
    0.79632E-01    0.87323E+03
    0.81241E-01    0.84679E+03
    0.82882E-01    0.81979E+03
    0.84556E-01    0.79246E+03
    0.86264E-01    0.76504E+03
    0.88007E-01    0.73778E+03
    0.89785E-01    0.71092E+03
    0.91598E-01    0.68471E+03
    0.93449E-01    0.65934E+03
    0.95337E-01    0.63505E+03
    0.97263E-01    0.61202E+03
    0.99227E-01    0.59044E+03
    0.10123E+00    0.57044E+03
    0.10328E+00    0.55214E+03
    0.10536E+00    0.53560E+03
    0.10749E+00    0.52080E+03
    0.10966E+00    0.50768E+03
    0.11188E+00    0.49609E+03
    0.11414E+00    0.48581E+03
    0.11644E+00    0.47659E+03
    0.11880E+00    0.46811E+03
    0.12120E+00    0.46003E+03
    0.12365E+00    0.45197E+03
    0.12614E+00    0.44357E+03
    0.12869E+00    0.43449E+03
    0.13129E+00    0.42444E+03
    0.13394E+00    0.41326E+03
    0.13665E+00    0.40090E+03
    0.13941E+00    0.38744E+03
    0.14223E+00    0.37311E+03
    0.14510E+00    0.35818E+03
    0.14803E+00    0.34297E+03
    0.15102E+00    0.32784E+03
    0.15407E+00    0.31312E+03
    0.15718E+00    0.29914E+03
    0.16036E+00    0.28622E+03
    0.16360E+00    0.27464E+03
    0.16690E+00    0.26455E+03
    0.17028E+00    0.25594E+03
    0.17371E+00    0.24866E+03
    0.17722E+00    0.24243E+03
    0.18080E+00    0.23688E+03
    0.18446E+00    0.23167E+03
    0.18818E+00    0.22643E+03
    0.19198E+00    0.22087E+03
    0.19586E+00    0.21471E+03
    0.19982E+00    0.20781E+03
    0.20386E+00    0.20016E+03
    0.20797E+00    0.19192E+03
    0.21218E+00    0.18341E+03
    0.21646E+00    0.17495E+03
    0.22083E+00    0.16689E+03
    0.22530E+00    0.15950E+03
    0.22985E+00    0.15297E+03
    0.23449E+00    0.14737E+03
    0.23923E+00    0.14260E+03
    0.24406E+00    0.13846E+03
    0.24899E+00    0.13462E+03
    0.25402E+00    0.13081E+03
    0.25915E+00    0.12678E+03
    0.26439E+00    0.12241E+03
    0.26973E+00    0.11766E+03
    0.27518E+00    0.11267E+03
    0.28074E+00    0.10765E+03
    0.28641E+00    0.10282E+03
    0.29219E+00    0.98408E+02
    0.29810E+00    0.94483E+02
    0.30412E+00    0.91037E+02
    0.31026E+00    0.87945E+02
    0.31653E+00    0.85039E+02
    0.32292E+00    0.82150E+02
    0.32945E+00    0.79139E+02
    0.33610E+00    0.75995E+02
    0.34289E+00    0.72773E+02
    0.34982E+00    0.69610E+02
    0.35689E+00    0.66641E+02
    0.36409E+00    0.63921E+02
    0.37145E+00    0.61459E+02
    0.37895E+00    0.59174E+02
    0.38661E+00    0.56975E+02
    0.39442E+00    0.54788E+02
    0.40239E+00    0.52570E+02
    0.41052E+00    0.50362E+02
    0.41881E+00    0.48218E+02
    0.42727E+00    0.46195E+02
    0.43590E+00    0.44321E+02
    0.44471E+00    0.42563E+02
    0.45369E+00    0.40878E+02
    0.46286E+00    0.39227E+02
    0.47221E+00    0.37594E+02
    0.48174E+00    0.36006E+02
    0.49148E+00    0.34486E+02
    0.50141E+00    0.33047E+02
    0.51153E+00    0.31687E+02
    0.52187E+00    0.30381E+02
    0.53241E+00    0.29113E+02
    0.54317E+00    0.27884E+02
    0.55414E+00    0.26697E+02
    0.56533E+00    0.25563E+02
    0.57675E+00    0.24485E+02
    0.58840E+00    0.23450E+02
    0.60029E+00    0.22454E+02
    0.61242E+00    0.21494E+02
    0.62479E+00    0.20570E+02
    0.63741E+00    0.19687E+02
    0.65029E+00    0.18842E+02
    0.66342E+00    0.18032E+02
    0.67683E+00    0.17255E+02
    0.69050E+00    0.16508E+02
    0.70445E+00    0.15792E+02
    0.71868E+00    0.15105E+02
    0.73320E+00    0.14447E+02
    0.74801E+00    0.13815E+02
    0.76312E+00    0.13209E+02
    0.77854E+00    0.12629E+02
    0.79426E+00    0.12073E+02
    0.81031E+00    0.11540E+02
    0.82668E+00    0.11030E+02
    0.84338E+00    0.10542E+02
    0.86041E+00    0.10074E+02
    0.87780E+00    0.96265E+01
    0.89553E+00    0.91979E+01
    0.91362E+00    0.87876E+01
    0.93208E+00    0.83949E+01
    0.95091E+00    0.80191E+01
    0.97011E+00    0.76594E+01
    0.98971E+00    0.73152E+01
    0.10097E+01    0.69859E+01
    0.10301E+01    0.66708E+01
    0.10509E+01    0.63693E+01
    0.10721E+01    0.60810E+01
    0.10938E+01    0.58052E+01
    0.11159E+01    0.55414E+01
    0.11384E+01    0.52892E+01
    0.11614E+01    0.50480E+01
    0.11849E+01    0.48174E+01
    0.12088E+01    0.45970E+01
    0.12333E+01    0.43863E+01
    0.12582E+01    0.41850E+01
    0.12836E+01    0.39926E+01
    0.13095E+01    0.38087E+01
    0.13360E+01    0.36330E+01
    0.13630E+01    0.34652E+01
    0.13905E+01    0.33049E+01
    0.14186E+01    0.31517E+01
    0.14472E+01    0.30055E+01
    0.14765E+01    0.28658E+01
    0.15063E+01    0.27324E+01
    0.15367E+01    0.26050E+01
    0.15678E+01    0.24834E+01
    0.15994E+01    0.23673E+01
    0.16318E+01    0.22565E+01
    0.16647E+01    0.21507E+01
    0.16984E+01    0.20497E+01
    0.17327E+01    0.19534E+01
    0.17677E+01    0.18614E+01
    0.18034E+01    0.17736E+01
    0.18398E+01    0.16899E+01
    0.18770E+01    0.16100E+01
    0.19149E+01    0.15338E+01
    0.19536E+01    0.14612E+01
    0.19930E+01    0.13918E+01
    0.20333E+01    0.13257E+01
    0.20744E+01    0.12626E+01
    0.21163E+01    0.12025E+01
    0.21590E+01    0.11451E+01
    0.22026E+01    0.10905E+01
    0.22471E+01    0.10383E+01
    0.22925E+01    0.98863E+00
    0.23388E+01    0.94125E+00
    0.23861E+01    0.89609E+00
    0.24343E+01    0.85305E+00
    0.24835E+01    0.81203E+00
    0.25336E+01    0.77294E+00
    0.25848E+01    0.73568E+00
    0.26370E+01    0.70018E+00
    0.26903E+01    0.66636E+00
    0.27447E+01    0.63414E+00
    0.28001E+01    0.60344E+00
    0.28567E+01    0.57420E+00
    0.29144E+01    0.54634E+00
    0.29733E+01    0.51980E+00
    0.30333E+01    0.49453E+00
    0.30946E+01    0.47047E+00
    0.31571E+01    0.44755E+00
    0.32209E+01    0.42572E+00
    0.32860E+01    0.40494E+00
    0.33523E+01    0.38515E+00
    0.34201E+01    0.36631E+00
    0.34892E+01    0.34838E+00
    0.35596E+01    0.33130E+00
    0.36316E+01    0.31505E+00
    0.37049E+01    0.29958E+00
    0.37798E+01    0.28486E+00
    0.38561E+01    0.27084E+00
    0.39340E+01    0.25751E+00
    0.40135E+01    0.24482E+00
    0.40946E+01    0.23274E+00
    0.41773E+01    0.22125E+00
    0.42617E+01    0.21031E+00
    0.43478E+01    0.19991E+00
    0.44356E+01    0.19001E+00
    0.45252E+01    0.18060E+00
    0.46166E+01    0.17164E+00
    0.47099E+01    0.16312E+00
    0.48050E+01    0.15502E+00
    0.49021E+01    0.14731E+00
    0.50011E+01    0.13998E+00
    0.51021E+01    0.13301E+00
    0.52052E+01    0.12638E+00
    0.53104E+01    0.12007E+00
    0.54176E+01    0.11408E+00
    0.55271E+01    0.10838E+00
    0.56387E+01    0.10296E+00
    0.57526E+01    0.97808E-01
    0.58689E+01    0.92910E-01
    0.59874E+01    0.88253E-01
    0.61084E+01    0.83826E-01
    0.62318E+01    0.79618E-01
    0.63577E+01    0.75618E-01
    0.64861E+01    0.71816E-01
    0.66171E+01    0.68203E-01
    0.67508E+01    0.64769E-01
    0.68872E+01    0.61506E-01
    0.70263E+01    0.58405E-01
    0.71682E+01    0.55458E-01
    0.73130E+01    0.52658E-01
    0.74608E+01    0.49997E-01
    0.76115E+01    0.47470E-01
    0.77653E+01    0.45068E-01
    0.79221E+01    0.42787E-01
    0.80822E+01    0.40619E-01
    0.82454E+01    0.38560E-01
    0.84120E+01    0.36604E-01
    0.85819E+01    0.34746E-01
    0.87553E+01    0.32980E-01
    0.89322E+01    0.31304E-01
    0.91126E+01    0.29711E-01
    0.92967E+01    0.28198E-01
    0.94845E+01    0.26761E-01
    0.96761E+01    0.25396E-01
    0.98716E+01    0.24100E-01
    0.10071E+02    0.22869E-01
    0.10274E+02    0.21701E-01
    0.10482E+02    0.20591E-01
    0.10694E+02    0.19538E-01
    0.10910E+02    0.18539E-01
    0.11130E+02    0.17590E-01
    0.11355E+02    0.16690E-01
    0.11584E+02    0.15835E-01
