#           k/h    P           
    0.10000E-03    0.15872E+03
    0.10202E-03    0.16179E+03
    0.10408E-03    0.16493E+03
    0.10618E-03    0.16812E+03
    0.10833E-03    0.17138E+03
    0.11052E-03    0.17470E+03
    0.11275E-03    0.17809E+03
    0.11503E-03    0.18154E+03
    0.11735E-03    0.18506E+03
    0.11972E-03    0.18864E+03
    0.12214E-03    0.19230E+03
    0.12461E-03    0.19602E+03
    0.12712E-03    0.19982E+03
    0.12969E-03    0.20369E+03
    0.13231E-03    0.20764E+03
    0.13499E-03    0.21166E+03
    0.13771E-03    0.21576E+03
    0.14049E-03    0.21994E+03
    0.14333E-03    0.22421E+03
    0.14623E-03    0.22855E+03
    0.14918E-03    0.23298E+03
    0.15220E-03    0.23749E+03
    0.15527E-03    0.24209E+03
    0.15841E-03    0.24678E+03
    0.16161E-03    0.25156E+03
    0.16487E-03    0.25643E+03
    0.16820E-03    0.26140E+03
    0.17160E-03    0.26646E+03
    0.17507E-03    0.27162E+03
    0.17860E-03    0.27688E+03
    0.18221E-03    0.28224E+03
    0.18589E-03    0.28771E+03
    0.18965E-03    0.29328E+03
    0.19348E-03    0.29896E+03
    0.19739E-03    0.30475E+03
    0.20138E-03    0.31065E+03
    0.20544E-03    0.31666E+03
    0.20959E-03    0.32279E+03
    0.21383E-03    0.32904E+03
    0.21815E-03    0.33541E+03
    0.22255E-03    0.34190E+03
    0.22705E-03    0.34852E+03
    0.23164E-03    0.35526E+03
    0.23632E-03    0.36214E+03
    0.24109E-03    0.36914E+03
    0.24596E-03    0.37628E+03
    0.25093E-03    0.38356E+03
    0.25600E-03    0.39098E+03
    0.26117E-03    0.39854E+03
    0.26645E-03    0.40625E+03
    0.27183E-03    0.41411E+03
    0.27732E-03    0.42211E+03
    0.28292E-03    0.43027E+03
    0.28864E-03    0.43859E+03
    0.29447E-03    0.44707E+03
    0.30042E-03    0.45571E+03
    0.30649E-03    0.46451E+03
    0.31268E-03    0.47349E+03
    0.31899E-03    0.48263E+03
    0.32544E-03    0.49195E+03
    0.33201E-03    0.50145E+03
    0.33872E-03    0.51114E+03
    0.34556E-03    0.52100E+03
    0.35254E-03    0.53106E+03
    0.35966E-03    0.54130E+03
    0.36693E-03    0.55174E+03
    0.37434E-03    0.56238E+03
    0.38190E-03    0.57323E+03
    0.38962E-03    0.58428E+03
    0.39749E-03    0.59554E+03
    0.40552E-03    0.60701E+03
    0.41371E-03    0.61871E+03
    0.42207E-03    0.63062E+03
    0.43060E-03    0.64276E+03
    0.43929E-03    0.65513E+03
    0.44817E-03    0.66773E+03
    0.45722E-03    0.68058E+03
    0.46646E-03    0.69366E+03
    0.47588E-03    0.70699E+03
    0.48550E-03    0.72057E+03
    0.49530E-03    0.73441E+03
    0.50531E-03    0.74851E+03
    0.51552E-03    0.76287E+03
    0.52593E-03    0.77750E+03
    0.53656E-03    0.79241E+03
    0.54739E-03    0.80759E+03
    0.55845E-03    0.82306E+03
    0.56973E-03    0.83882E+03
    0.58124E-03    0.85487E+03
    0.59299E-03    0.87122E+03
    0.60496E-03    0.88787E+03
    0.61719E-03    0.90483E+03
    0.62965E-03    0.92210E+03
    0.64237E-03    0.93969E+03
    0.65535E-03    0.95761E+03
    0.66859E-03    0.97586E+03
    0.68210E-03    0.99444E+03
    0.69588E-03    0.10134E+04
    0.70993E-03    0.10326E+04
    0.72427E-03    0.10523E+04
    0.73891E-03    0.10722E+04
    0.75383E-03    0.10926E+04
    0.76906E-03    0.11133E+04
    0.78460E-03    0.11344E+04
    0.80045E-03    0.11558E+04
    0.81662E-03    0.11777E+04
    0.83311E-03    0.12000E+04
    0.84994E-03    0.12226E+04
    0.86711E-03    0.12457E+04
    0.88463E-03    0.12691E+04
    0.90250E-03    0.12930E+04
    0.92073E-03    0.13173E+04
    0.93933E-03    0.13421E+04
    0.95831E-03    0.13673E+04
    0.97767E-03    0.13929E+04
    0.99742E-03    0.14190E+04
    0.10176E-02    0.14455E+04
    0.10381E-02    0.14725E+04
    0.10591E-02    0.15000E+04
    0.10805E-02    0.15279E+04
    0.11023E-02    0.15563E+04
    0.11246E-02    0.15853E+04
    0.11473E-02    0.16147E+04
    0.11705E-02    0.16446E+04
    0.11941E-02    0.16750E+04
    0.12182E-02    0.17060E+04
    0.12429E-02    0.17375E+04
    0.12680E-02    0.17695E+04
    0.12936E-02    0.18020E+04
    0.13197E-02    0.18351E+04
    0.13464E-02    0.18688E+04
    0.13736E-02    0.19030E+04
    0.14013E-02    0.19378E+04
    0.14296E-02    0.19731E+04
    0.14585E-02    0.20090E+04
    0.14880E-02    0.20456E+04
    0.15180E-02    0.20827E+04
    0.15487E-02    0.21204E+04
    0.15800E-02    0.21587E+04
    0.16119E-02    0.21976E+04
    0.16445E-02    0.22371E+04
    0.16777E-02    0.22773E+04
    0.17116E-02    0.23181E+04
    0.17462E-02    0.23595E+04
    0.17814E-02    0.24016E+04
    0.18174E-02    0.24443E+04
    0.18541E-02    0.24876E+04
    0.18916E-02    0.25317E+04
    0.19298E-02    0.25763E+04
    0.19688E-02    0.26217E+04
    0.20086E-02    0.26677E+04
    0.20491E-02    0.27144E+04
    0.20905E-02    0.27618E+04
    0.21328E-02    0.28098E+04
    0.21758E-02    0.28586E+04
    0.22198E-02    0.29080E+04
    0.22646E-02    0.29581E+04
    0.23104E-02    0.30089E+04
    0.23571E-02    0.30604E+04
    0.24047E-02    0.31127E+04
    0.24533E-02    0.31656E+04
    0.25028E-02    0.32192E+04
    0.25534E-02    0.32735E+04
    0.26050E-02    0.33286E+04
    0.26576E-02    0.33843E+04
    0.27113E-02    0.34407E+04
    0.27660E-02    0.34979E+04
    0.28219E-02    0.35557E+04
    0.28789E-02    0.36143E+04
    0.29371E-02    0.36735E+04
    0.29964E-02    0.37335E+04
    0.30569E-02    0.37941E+04
    0.31187E-02    0.38555E+04
    0.31817E-02    0.39175E+04
    0.32460E-02    0.39802E+04
    0.33115E-02    0.40436E+04
    0.33784E-02    0.41076E+04
    0.34467E-02    0.41724E+04
    0.35163E-02    0.42377E+04
    0.35874E-02    0.43038E+04
    0.36598E-02    0.43704E+04
    0.37338E-02    0.44377E+04
    0.38092E-02    0.45056E+04
    0.38861E-02    0.45741E+04
    0.39646E-02    0.46432E+04
    0.40447E-02    0.47129E+04
    0.41264E-02    0.47832E+04
    0.42098E-02    0.48541E+04
    0.42948E-02    0.49254E+04
    0.43816E-02    0.49973E+04
    0.44701E-02    0.50697E+04
    0.45604E-02    0.51426E+04
    0.46525E-02    0.52160E+04
    0.47465E-02    0.52898E+04
    0.48424E-02    0.53640E+04
    0.49402E-02    0.54387E+04
    0.50400E-02    0.55137E+04
    0.51419E-02    0.55891E+04
    0.52457E-02    0.56648E+04
    0.53517E-02    0.57408E+04
    0.54598E-02    0.58171E+04
    0.55701E-02    0.58937E+04
    0.56826E-02    0.59704E+04
    0.57974E-02    0.60473E+04
    0.59145E-02    0.61245E+04
    0.60340E-02    0.62018E+04
    0.61559E-02    0.62792E+04
    0.62803E-02    0.63564E+04
    0.64072E-02    0.64337E+04
    0.65366E-02    0.65109E+04
    0.66686E-02    0.65881E+04
    0.68033E-02    0.66651E+04
    0.69408E-02    0.67419E+04
    0.70810E-02    0.68185E+04
    0.72240E-02    0.68949E+04
    0.73700E-02    0.69709E+04
    0.75189E-02    0.70465E+04
    0.76708E-02    0.71216E+04
    0.78257E-02    0.71962E+04
    0.79838E-02    0.72702E+04
    0.81451E-02    0.73437E+04
    0.83096E-02    0.74166E+04
    0.84775E-02    0.74887E+04
    0.86488E-02    0.75600E+04
    0.88235E-02    0.76304E+04
    0.90017E-02    0.76999E+04
    0.91836E-02    0.77684E+04
    0.93691E-02    0.78359E+04
    0.95583E-02    0.79022E+04
    0.97514E-02    0.79673E+04
    0.99484E-02    0.80311E+04
    0.10149E-01    0.80935E+04
    0.10354E-01    0.81545E+04
    0.10564E-01    0.82139E+04
    0.10777E-01    0.82717E+04
    0.10995E-01    0.83278E+04
    0.11217E-01    0.83820E+04
    0.11443E-01    0.84344E+04
    0.11675E-01    0.84849E+04
    0.11910E-01    0.85332E+04
    0.12151E-01    0.85794E+04
    0.12397E-01    0.86234E+04
    0.12647E-01    0.86650E+04
    0.12902E-01    0.87042E+04
    0.13163E-01    0.87409E+04
    0.13429E-01    0.87749E+04
    0.13700E-01    0.88062E+04
    0.13977E-01    0.88347E+04
    0.14259E-01    0.88603E+04
    0.14547E-01    0.88829E+04
    0.14841E-01    0.89023E+04
    0.15141E-01    0.89186E+04
    0.15447E-01    0.89316E+04
    0.15759E-01    0.89412E+04
    0.16077E-01    0.89473E+04
    0.16402E-01    0.89499E+04
    0.16734E-01    0.89489E+04
    0.17072E-01    0.89441E+04
    0.17416E-01    0.89356E+04
    0.17768E-01    0.89232E+04
    0.18127E-01    0.89069E+04
    0.18493E-01    0.88866E+04
    0.18867E-01    0.88622E+04
    0.19248E-01    0.88338E+04
    0.19637E-01    0.88012E+04
    0.20034E-01    0.87645E+04
    0.20438E-01    0.87236E+04
    0.20851E-01    0.86784E+04
    0.21272E-01    0.86291E+04
    0.21702E-01    0.85756E+04
    0.22141E-01    0.85178E+04
    0.22588E-01    0.84559E+04
    0.23044E-01    0.83899E+04
    0.23510E-01    0.83198E+04
    0.23985E-01    0.82456E+04
    0.24469E-01    0.81676E+04
    0.24964E-01    0.80856E+04
    0.25468E-01    0.80000E+04
    0.25982E-01    0.79108E+04
    0.26507E-01    0.78181E+04
    0.27043E-01    0.77220E+04
    0.27589E-01    0.76229E+04
    0.28146E-01    0.75208E+04
    0.28715E-01    0.74159E+04
    0.29295E-01    0.73085E+04
    0.29887E-01    0.71988E+04
    0.30490E-01    0.70871E+04
    0.31106E-01    0.69736E+04
    0.31735E-01    0.68586E+04
    0.32376E-01    0.67424E+04
    0.33030E-01    0.66253E+04
    0.33697E-01    0.65076E+04
    0.34378E-01    0.63896E+04
    0.35072E-01    0.62717E+04
    0.35781E-01    0.61541E+04
    0.36504E-01    0.60373E+04
    0.37241E-01    0.59210E+04
    0.37993E-01    0.58054E+04
    0.38761E-01    0.56907E+04
    0.39544E-01    0.55778E+04
    0.40343E-01    0.54672E+04
    0.41158E-01    0.53592E+04
    0.41989E-01    0.52541E+04
    0.42838E-01    0.51521E+04
    0.43703E-01    0.50535E+04
    0.44586E-01    0.49584E+04
    0.45486E-01    0.48670E+04
    0.46405E-01    0.47793E+04
    0.47343E-01    0.46953E+04
    0.48299E-01    0.46150E+04
    0.49275E-01    0.45382E+04
    0.50270E-01    0.44648E+04
    0.51286E-01    0.43945E+04
    0.52322E-01    0.43272E+04
    0.53379E-01    0.42626E+04
    0.54457E-01    0.42004E+04
    0.55557E-01    0.41404E+04
    0.56680E-01    0.40821E+04
    0.57825E-01    0.40249E+04
    0.58993E-01    0.39705E+04
    0.60184E-01    0.39192E+04
    0.61400E-01    0.38683E+04
    0.62641E-01    0.38155E+04
    0.63906E-01    0.37613E+04
    0.65197E-01    0.37063E+04
    0.66514E-01    0.36500E+04
    0.67858E-01    0.35915E+04
    0.69229E-01    0.35299E+04
    0.70627E-01    0.34650E+04
    0.72054E-01    0.33963E+04
    0.73510E-01    0.33236E+04
    0.74994E-01    0.32467E+04
    0.76509E-01    0.31658E+04
    0.78055E-01    0.30811E+04
    0.79632E-01    0.29932E+04
    0.81241E-01    0.29025E+04
    0.82882E-01    0.28100E+04
    0.84556E-01    0.27162E+04
    0.86264E-01    0.26222E+04
    0.88007E-01    0.25288E+04
    0.89785E-01    0.24367E+04
    0.91598E-01    0.23468E+04
    0.93449E-01    0.22599E+04
    0.95337E-01    0.21766E+04
    0.97263E-01    0.20976E+04
    0.99227E-01    0.20236E+04
    0.10123E+00    0.19551E+04
    0.10328E+00    0.18924E+04
    0.10536E+00    0.18356E+04
    0.10749E+00    0.17849E+04
    0.10966E+00    0.17399E+04
    0.11188E+00    0.17002E+04
    0.11414E+00    0.16650E+04
    0.11644E+00    0.16333E+04
    0.11880E+00    0.16043E+04
    0.12120E+00    0.15766E+04
    0.12365E+00    0.15489E+04
    0.12614E+00    0.15201E+04
    0.12869E+00    0.14890E+04
    0.13129E+00    0.14546E+04
    0.13394E+00    0.14162E+04
    0.13665E+00    0.13738E+04
    0.13941E+00    0.13277E+04
    0.14223E+00    0.12786E+04
    0.14510E+00    0.12274E+04
    0.14803E+00    0.11753E+04
    0.15102E+00    0.11235E+04
    0.15407E+00    0.10730E+04
    0.15718E+00    0.10251E+04
    0.16036E+00    0.98083E+03
    0.16360E+00    0.94114E+03
    0.16690E+00    0.90654E+03
    0.17028E+00    0.87705E+03
    0.17371E+00    0.85211E+03
    0.17722E+00    0.83074E+03
    0.18080E+00    0.81173E+03
    0.18446E+00    0.79385E+03
    0.18818E+00    0.77591E+03
    0.19198E+00    0.75685E+03
    0.19586E+00    0.73575E+03
    0.19982E+00    0.71209E+03
    0.20386E+00    0.68586E+03
    0.20797E+00    0.65765E+03
    0.21218E+00    0.62847E+03
    0.21646E+00    0.59950E+03
    0.22083E+00    0.57188E+03
    0.22530E+00    0.54654E+03
    0.22985E+00    0.52418E+03
    0.23449E+00    0.50497E+03
    0.23923E+00    0.48863E+03
    0.24406E+00    0.47442E+03
    0.24899E+00    0.46128E+03
    0.25402E+00    0.44823E+03
    0.25915E+00    0.43442E+03
    0.26439E+00    0.41943E+03
    0.26973E+00    0.40317E+03
    0.27518E+00    0.38607E+03
    0.28074E+00    0.36885E+03
    0.28641E+00    0.35232E+03
    0.29219E+00    0.33719E+03
    0.29810E+00    0.32374E+03
    0.30412E+00    0.31193E+03
    0.31026E+00    0.30134E+03
    0.31653E+00    0.29138E+03
    0.32292E+00    0.28148E+03
    0.32945E+00    0.27116E+03
    0.33610E+00    0.26039E+03
    0.34289E+00    0.24935E+03
    0.34982E+00    0.23851E+03
    0.35689E+00    0.22834E+03
    0.36409E+00    0.21902E+03
    0.37145E+00    0.21058E+03
    0.37895E+00    0.20275E+03
    0.38661E+00    0.19522E+03
    0.39442E+00    0.18773E+03
    0.40239E+00    0.18013E+03
    0.41052E+00    0.17256E+03
    0.41881E+00    0.16521E+03
    0.42727E+00    0.15828E+03
    0.43590E+00    0.15186E+03
    0.44471E+00    0.14584E+03
    0.45369E+00    0.14006E+03
    0.46286E+00    0.13441E+03
    0.47221E+00    0.12881E+03
    0.48174E+00    0.12337E+03
    0.49148E+00    0.11816E+03
    0.50141E+00    0.11323E+03
    0.51153E+00    0.10857E+03
    0.52187E+00    0.10410E+03
    0.53241E+00    0.99753E+02
    0.54317E+00    0.95539E+02
    0.55414E+00    0.91472E+02
    0.56533E+00    0.87589E+02
    0.57675E+00    0.83893E+02
    0.58840E+00    0.80349E+02
    0.60029E+00    0.76935E+02
    0.61242E+00    0.73644E+02
    0.62479E+00    0.70480E+02
    0.63741E+00    0.67453E+02
    0.65029E+00    0.64559E+02
    0.66342E+00    0.61784E+02
    0.67683E+00    0.59120E+02
    0.69050E+00    0.56563E+02
    0.70445E+00    0.54110E+02
    0.71868E+00    0.51756E+02
    0.73320E+00    0.49498E+02
    0.74801E+00    0.47334E+02
    0.76312E+00    0.45259E+02
    0.77854E+00    0.43271E+02
    0.79426E+00    0.41366E+02
    0.81031E+00    0.39541E+02
    0.82668E+00    0.37793E+02
    0.84338E+00    0.36120E+02
    0.86041E+00    0.34517E+02
    0.87780E+00    0.32983E+02
    0.89553E+00    0.31515E+02
    0.91362E+00    0.30109E+02
    0.93208E+00    0.28764E+02
    0.95091E+00    0.27476E+02
    0.97011E+00    0.26244E+02
    0.98971E+00    0.25064E+02
    0.10097E+01    0.23936E+02
    0.10301E+01    0.22856E+02
    0.10509E+01    0.21823E+02
    0.10721E+01    0.20835E+02
    0.10938E+01    0.19890E+02
    0.11159E+01    0.18987E+02
    0.11384E+01    0.18122E+02
    0.11614E+01    0.17296E+02
    0.11849E+01    0.16506E+02
    0.12088E+01    0.15751E+02
    0.12333E+01    0.15029E+02
    0.12582E+01    0.14339E+02
    0.12836E+01    0.13680E+02
    0.13095E+01    0.13050E+02
    0.13360E+01    0.12448E+02
    0.13630E+01    0.11873E+02
    0.13905E+01    0.11324E+02
    0.14186E+01    0.10799E+02
    0.14472E+01    0.10298E+02
    0.14765E+01    0.98190E+01
    0.15063E+01    0.93620E+01
    0.15367E+01    0.89256E+01
    0.15678E+01    0.85089E+01
    0.15994E+01    0.81111E+01
    0.16318E+01    0.77314E+01
    0.16647E+01    0.73689E+01
    0.16984E+01    0.70230E+01
    0.17327E+01    0.66928E+01
    0.17677E+01    0.63777E+01
    0.18034E+01    0.60770E+01
    0.18398E+01    0.57902E+01
    0.18770E+01    0.55165E+01
    0.19149E+01    0.52554E+01
    0.19536E+01    0.50063E+01
    0.19930E+01    0.47688E+01
    0.20333E+01    0.45422E+01
    0.20744E+01    0.43261E+01
    0.21163E+01    0.41201E+01
    0.21590E+01    0.39236E+01
    0.22026E+01    0.37362E+01
    0.22471E+01    0.35576E+01
    0.22925E+01    0.33873E+01
    0.23388E+01    0.32250E+01
    0.23861E+01    0.30703E+01
    0.24343E+01    0.29228E+01
    0.24835E+01    0.27823E+01
    0.25336E+01    0.26483E+01
    0.25848E+01    0.25207E+01
    0.26370E+01    0.23990E+01
    0.26903E+01    0.22832E+01
    0.27447E+01    0.21727E+01
    0.28001E+01    0.20676E+01
    0.28567E+01    0.19674E+01
    0.29144E+01    0.18719E+01
    0.29733E+01    0.17810E+01
    0.30333E+01    0.16944E+01
    0.30946E+01    0.16120E+01
    0.31571E+01    0.15334E+01
    0.32209E+01    0.14586E+01
    0.32860E+01    0.13874E+01
    0.33523E+01    0.13196E+01
    0.34201E+01    0.12551E+01
    0.34892E+01    0.11936E+01
    0.35596E+01    0.11351E+01
    0.36316E+01    0.10795E+01
    0.37049E+01    0.10265E+01
    0.37798E+01    0.97600E+00
    0.38561E+01    0.92799E+00
    0.39340E+01    0.88229E+00
    0.40135E+01    0.83881E+00
    0.40946E+01    0.79743E+00
    0.41773E+01    0.75805E+00
    0.42617E+01    0.72059E+00
    0.43478E+01    0.68495E+00
    0.44356E+01    0.65104E+00
    0.45252E+01    0.61878E+00
    0.46166E+01    0.58809E+00
    0.47099E+01    0.55890E+00
    0.48050E+01    0.53114E+00
    0.49021E+01    0.50473E+00
    0.50011E+01    0.47961E+00
    0.51021E+01    0.45573E+00
    0.52052E+01    0.43301E+00
    0.53104E+01    0.41141E+00
    0.54176E+01    0.39087E+00
    0.55271E+01    0.37134E+00
    0.56387E+01    0.35277E+00
    0.57526E+01    0.33512E+00
    0.58689E+01    0.31834E+00
    0.59874E+01    0.30238E+00
    0.61084E+01    0.28721E+00
    0.62318E+01    0.27279E+00
    0.63577E+01    0.25909E+00
    0.64861E+01    0.24606E+00
    0.66171E+01    0.23368E+00
    0.67508E+01    0.22192E+00
    0.68872E+01    0.21074E+00
    0.70263E+01    0.20011E+00
    0.71682E+01    0.19001E+00
    0.73130E+01    0.18042E+00
    0.74608E+01    0.17130E+00
    0.76115E+01    0.16264E+00
    0.77653E+01    0.15442E+00
    0.79221E+01    0.14660E+00
    0.80822E+01    0.13917E+00
    0.82454E+01    0.13212E+00
    0.84120E+01    0.12541E+00
    0.85819E+01    0.11905E+00
    0.87553E+01    0.11300E+00
    0.89322E+01    0.10725E+00
    0.91126E+01    0.10180E+00
    0.92967E+01    0.96614E-01
    0.94845E+01    0.91691E-01
    0.96761E+01    0.87015E-01
    0.98716E+01    0.82574E-01
    0.10071E+02    0.78357E-01
    0.10274E+02    0.74353E-01
    0.10482E+02    0.70552E-01
    0.10694E+02    0.66944E-01
    0.10910E+02    0.63519E-01
    0.11130E+02    0.60268E-01
    0.11355E+02    0.57183E-01
    0.11584E+02    0.54256E-01
