#           k/h    P           
    0.10000E-03    0.43017E+03
    0.10202E-03    0.43850E+03
    0.10408E-03    0.44700E+03
    0.10618E-03    0.45566E+03
    0.10833E-03    0.46449E+03
    0.11052E-03    0.47349E+03
    0.11275E-03    0.48266E+03
    0.11503E-03    0.49201E+03
    0.11735E-03    0.50154E+03
    0.11972E-03    0.51126E+03
    0.12214E-03    0.52116E+03
    0.12461E-03    0.53126E+03
    0.12712E-03    0.54155E+03
    0.12969E-03    0.55204E+03
    0.13231E-03    0.56273E+03
    0.13499E-03    0.57363E+03
    0.13771E-03    0.58474E+03
    0.14049E-03    0.59607E+03
    0.14333E-03    0.60761E+03
    0.14623E-03    0.61938E+03
    0.14918E-03    0.63137E+03
    0.15220E-03    0.64360E+03
    0.15527E-03    0.65606E+03
    0.15841E-03    0.66876E+03
    0.16161E-03    0.68171E+03
    0.16487E-03    0.69491E+03
    0.16820E-03    0.70836E+03
    0.17160E-03    0.72208E+03
    0.17507E-03    0.73605E+03
    0.17860E-03    0.75030E+03
    0.18221E-03    0.76482E+03
    0.18589E-03    0.77962E+03
    0.18965E-03    0.79471E+03
    0.19348E-03    0.81009E+03
    0.19739E-03    0.82577E+03
    0.20138E-03    0.84174E+03
    0.20544E-03    0.85803E+03
    0.20959E-03    0.87463E+03
    0.21383E-03    0.89155E+03
    0.21815E-03    0.90879E+03
    0.22255E-03    0.92637E+03
    0.22705E-03    0.94428E+03
    0.23164E-03    0.96254E+03
    0.23632E-03    0.98115E+03
    0.24109E-03    0.10001E+04
    0.24596E-03    0.10195E+04
    0.25093E-03    0.10392E+04
    0.25600E-03    0.10592E+04
    0.26117E-03    0.10797E+04
    0.26645E-03    0.11006E+04
    0.27183E-03    0.11218E+04
    0.27732E-03    0.11435E+04
    0.28292E-03    0.11656E+04
    0.28864E-03    0.11881E+04
    0.29447E-03    0.12110E+04
    0.30042E-03    0.12344E+04
    0.30649E-03    0.12582E+04
    0.31268E-03    0.12825E+04
    0.31899E-03    0.13073E+04
    0.32544E-03    0.13325E+04
    0.33201E-03    0.13582E+04
    0.33872E-03    0.13844E+04
    0.34556E-03    0.14111E+04
    0.35254E-03    0.14383E+04
    0.35966E-03    0.14660E+04
    0.36693E-03    0.14942E+04
    0.37434E-03    0.15230E+04
    0.38190E-03    0.15524E+04
    0.38962E-03    0.15822E+04
    0.39749E-03    0.16127E+04
    0.40552E-03    0.16437E+04
    0.41371E-03    0.16754E+04
    0.42207E-03    0.17076E+04
    0.43060E-03    0.17404E+04
    0.43929E-03    0.17739E+04
    0.44817E-03    0.18079E+04
    0.45722E-03    0.18427E+04
    0.46646E-03    0.18781E+04
    0.47588E-03    0.19141E+04
    0.48550E-03    0.19508E+04
    0.49530E-03    0.19883E+04
    0.50531E-03    0.20264E+04
    0.51552E-03    0.20652E+04
    0.52593E-03    0.21048E+04
    0.53656E-03    0.21451E+04
    0.54739E-03    0.21861E+04
    0.55845E-03    0.22280E+04
    0.56973E-03    0.22706E+04
    0.58124E-03    0.23140E+04
    0.59299E-03    0.23582E+04
    0.60496E-03    0.24032E+04
    0.61719E-03    0.24491E+04
    0.62965E-03    0.24958E+04
    0.64237E-03    0.25434E+04
    0.65535E-03    0.25918E+04
    0.66859E-03    0.26412E+04
    0.68210E-03    0.26914E+04
    0.69588E-03    0.27426E+04
    0.70993E-03    0.27947E+04
    0.72427E-03    0.28478E+04
    0.73891E-03    0.29018E+04
    0.75383E-03    0.29569E+04
    0.76906E-03    0.30129E+04
    0.78460E-03    0.30700E+04
    0.80045E-03    0.31280E+04
    0.81662E-03    0.31872E+04
    0.83311E-03    0.32474E+04
    0.84994E-03    0.33087E+04
    0.86711E-03    0.33711E+04
    0.88463E-03    0.34346E+04
    0.90250E-03    0.34992E+04
    0.92073E-03    0.35650E+04
    0.93933E-03    0.36320E+04
    0.95831E-03    0.37002E+04
    0.97767E-03    0.37695E+04
    0.99742E-03    0.38401E+04
    0.10176E-02    0.39120E+04
    0.10381E-02    0.39851E+04
    0.10591E-02    0.40594E+04
    0.10805E-02    0.41351E+04
    0.11023E-02    0.42121E+04
    0.11246E-02    0.42904E+04
    0.11473E-02    0.43701E+04
    0.11705E-02    0.44511E+04
    0.11941E-02    0.45336E+04
    0.12182E-02    0.46174E+04
    0.12429E-02    0.47027E+04
    0.12680E-02    0.47894E+04
    0.12936E-02    0.48776E+04
    0.13197E-02    0.49672E+04
    0.13464E-02    0.50584E+04
    0.13736E-02    0.51510E+04
    0.14013E-02    0.52452E+04
    0.14296E-02    0.53410E+04
    0.14585E-02    0.54383E+04
    0.14880E-02    0.55372E+04
    0.15180E-02    0.56378E+04
    0.15487E-02    0.57399E+04
    0.15800E-02    0.58437E+04
    0.16119E-02    0.59492E+04
    0.16445E-02    0.60563E+04
    0.16777E-02    0.61651E+04
    0.17116E-02    0.62756E+04
    0.17462E-02    0.63878E+04
    0.17814E-02    0.65018E+04
    0.18174E-02    0.66175E+04
    0.18541E-02    0.67350E+04
    0.18916E-02    0.68543E+04
    0.19298E-02    0.69753E+04
    0.19688E-02    0.70982E+04
    0.20086E-02    0.72229E+04
    0.20491E-02    0.73494E+04
    0.20905E-02    0.74777E+04
    0.21328E-02    0.76079E+04
    0.21758E-02    0.77399E+04
    0.22198E-02    0.78739E+04
    0.22646E-02    0.80097E+04
    0.23104E-02    0.81473E+04
    0.23571E-02    0.82869E+04
    0.24047E-02    0.84284E+04
    0.24533E-02    0.85717E+04
    0.25028E-02    0.87170E+04
    0.25534E-02    0.88642E+04
    0.26050E-02    0.90132E+04
    0.26576E-02    0.91642E+04
    0.27113E-02    0.93171E+04
    0.27660E-02    0.94719E+04
    0.28219E-02    0.96286E+04
    0.28789E-02    0.97872E+04
    0.29371E-02    0.99477E+04
    0.29964E-02    0.10110E+05
    0.30569E-02    0.10274E+05
    0.31187E-02    0.10441E+05
    0.31817E-02    0.10609E+05
    0.32460E-02    0.10778E+05
    0.33115E-02    0.10950E+05
    0.33784E-02    0.11124E+05
    0.34467E-02    0.11299E+05
    0.35163E-02    0.11476E+05
    0.35874E-02    0.11655E+05
    0.36598E-02    0.11835E+05
    0.37338E-02    0.12017E+05
    0.38092E-02    0.12201E+05
    0.38861E-02    0.12387E+05
    0.39646E-02    0.12574E+05
    0.40447E-02    0.12763E+05
    0.41264E-02    0.12953E+05
    0.42098E-02    0.13145E+05
    0.42948E-02    0.13338E+05
    0.43816E-02    0.13533E+05
    0.44701E-02    0.13729E+05
    0.45604E-02    0.13926E+05
    0.46525E-02    0.14125E+05
    0.47465E-02    0.14325E+05
    0.48424E-02    0.14526E+05
    0.49402E-02    0.14728E+05
    0.50400E-02    0.14931E+05
    0.51419E-02    0.15135E+05
    0.52457E-02    0.15340E+05
    0.53517E-02    0.15546E+05
    0.54598E-02    0.15752E+05
    0.55701E-02    0.15960E+05
    0.56826E-02    0.16167E+05
    0.57974E-02    0.16375E+05
    0.59145E-02    0.16584E+05
    0.60340E-02    0.16794E+05
    0.61559E-02    0.17003E+05
    0.62803E-02    0.17212E+05
    0.64072E-02    0.17421E+05
    0.65366E-02    0.17630E+05
    0.66686E-02    0.17839E+05
    0.68033E-02    0.18047E+05
    0.69408E-02    0.18255E+05
    0.70810E-02    0.18463E+05
    0.72240E-02    0.18669E+05
    0.73700E-02    0.18875E+05
    0.75189E-02    0.19079E+05
    0.76708E-02    0.19283E+05
    0.78257E-02    0.19484E+05
    0.79838E-02    0.19685E+05
    0.81451E-02    0.19884E+05
    0.83096E-02    0.20081E+05
    0.84775E-02    0.20276E+05
    0.86488E-02    0.20468E+05
    0.88235E-02    0.20659E+05
    0.90017E-02    0.20847E+05
    0.91836E-02    0.21032E+05
    0.93691E-02    0.21215E+05
    0.95583E-02    0.21394E+05
    0.97514E-02    0.21570E+05
    0.99484E-02    0.21743E+05
    0.10149E-01    0.21911E+05
    0.10354E-01    0.22076E+05
    0.10564E-01    0.22237E+05
    0.10777E-01    0.22393E+05
    0.10995E-01    0.22544E+05
    0.11217E-01    0.22691E+05
    0.11443E-01    0.22833E+05
    0.11675E-01    0.22969E+05
    0.11910E-01    0.23099E+05
    0.12151E-01    0.23224E+05
    0.12397E-01    0.23343E+05
    0.12647E-01    0.23455E+05
    0.12902E-01    0.23561E+05
    0.13163E-01    0.23660E+05
    0.13429E-01    0.23752E+05
    0.13700E-01    0.23836E+05
    0.13977E-01    0.23913E+05
    0.14259E-01    0.23982E+05
    0.14547E-01    0.24043E+05
    0.14841E-01    0.24095E+05
    0.15141E-01    0.24139E+05
    0.15447E-01    0.24173E+05
    0.15759E-01    0.24199E+05
    0.16077E-01    0.24215E+05
    0.16402E-01    0.24222E+05
    0.16734E-01    0.24219E+05
    0.17072E-01    0.24205E+05
    0.17416E-01    0.24182E+05
    0.17768E-01    0.24148E+05
    0.18127E-01    0.24103E+05
    0.18493E-01    0.24048E+05
    0.18867E-01    0.23982E+05
    0.19248E-01    0.23904E+05
    0.19637E-01    0.23816E+05
    0.20034E-01    0.23716E+05
    0.20438E-01    0.23605E+05
    0.20851E-01    0.23482E+05
    0.21272E-01    0.23349E+05
    0.21702E-01    0.23203E+05
    0.22141E-01    0.23047E+05
    0.22588E-01    0.22879E+05
    0.23044E-01    0.22700E+05
    0.23510E-01    0.22509E+05
    0.23985E-01    0.22308E+05
    0.24469E-01    0.22097E+05
    0.24964E-01    0.21875E+05
    0.25468E-01    0.21643E+05
    0.25982E-01    0.21401E+05
    0.26507E-01    0.21150E+05
    0.27043E-01    0.20890E+05
    0.27589E-01    0.20621E+05
    0.28146E-01    0.20344E+05
    0.28715E-01    0.20060E+05
    0.29295E-01    0.19769E+05
    0.29887E-01    0.19472E+05
    0.30490E-01    0.19170E+05
    0.31106E-01    0.18863E+05
    0.31735E-01    0.18551E+05
    0.32376E-01    0.18237E+05
    0.33030E-01    0.17919E+05
    0.33697E-01    0.17601E+05
    0.34378E-01    0.17281E+05
    0.35072E-01    0.16962E+05
    0.35781E-01    0.16644E+05
    0.36504E-01    0.16327E+05
    0.37241E-01    0.16013E+05
    0.37993E-01    0.15700E+05
    0.38761E-01    0.15390E+05
    0.39544E-01    0.15084E+05
    0.40343E-01    0.14785E+05
    0.41158E-01    0.14492E+05
    0.41989E-01    0.14208E+05
    0.42838E-01    0.13932E+05
    0.43703E-01    0.13665E+05
    0.44586E-01    0.13407E+05
    0.45486E-01    0.13160E+05
    0.46405E-01    0.12923E+05
    0.47343E-01    0.12695E+05
    0.48299E-01    0.12478E+05
    0.49275E-01    0.12270E+05
    0.50270E-01    0.12071E+05
    0.51286E-01    0.11881E+05
    0.52322E-01    0.11699E+05
    0.53379E-01    0.11524E+05
    0.54457E-01    0.11356E+05
    0.55557E-01    0.11194E+05
    0.56680E-01    0.11036E+05
    0.57825E-01    0.10881E+05
    0.58993E-01    0.10734E+05
    0.60184E-01    0.10595E+05
    0.61400E-01    0.10457E+05
    0.62641E-01    0.10314E+05
    0.63906E-01    0.10167E+05
    0.65197E-01    0.10019E+05
    0.66514E-01    0.98665E+04
    0.67858E-01    0.97080E+04
    0.69229E-01    0.95415E+04
    0.70627E-01    0.93658E+04
    0.72054E-01    0.91801E+04
    0.73510E-01    0.89834E+04
    0.74994E-01    0.87756E+04
    0.76509E-01    0.85568E+04
    0.78055E-01    0.83279E+04
    0.79632E-01    0.80900E+04
    0.81241E-01    0.78449E+04
    0.82882E-01    0.75946E+04
    0.84556E-01    0.73412E+04
    0.86264E-01    0.70870E+04
    0.88007E-01    0.68344E+04
    0.89785E-01    0.65855E+04
    0.91598E-01    0.63425E+04
    0.93449E-01    0.61074E+04
    0.95337E-01    0.58823E+04
    0.97263E-01    0.56689E+04
    0.99227E-01    0.54688E+04
    0.10123E+00    0.52835E+04
    0.10328E+00    0.51139E+04
    0.10536E+00    0.49606E+04
    0.10749E+00    0.48235E+04
    0.10966E+00    0.47019E+04
    0.11188E+00    0.45945E+04
    0.11414E+00    0.44992E+04
    0.11644E+00    0.44138E+04
    0.11880E+00    0.43352E+04
    0.12120E+00    0.42602E+04
    0.12365E+00    0.41856E+04
    0.12614E+00    0.41077E+04
    0.12869E+00    0.40235E+04
    0.13129E+00    0.39304E+04
    0.13394E+00    0.38268E+04
    0.13665E+00    0.37123E+04
    0.13941E+00    0.35877E+04
    0.14223E+00    0.34549E+04
    0.14510E+00    0.33166E+04
    0.14803E+00    0.31758E+04
    0.15102E+00    0.30356E+04
    0.15407E+00    0.28992E+04
    0.15718E+00    0.27698E+04
    0.16036E+00    0.26502E+04
    0.16360E+00    0.25429E+04
    0.16690E+00    0.24494E+04
    0.17028E+00    0.23697E+04
    0.17371E+00    0.23023E+04
    0.17722E+00    0.22446E+04
    0.18080E+00    0.21932E+04
    0.18446E+00    0.21449E+04
    0.18818E+00    0.20964E+04
    0.19198E+00    0.20449E+04
    0.19586E+00    0.19879E+04
    0.19982E+00    0.19239E+04
    0.20386E+00    0.18531E+04
    0.20797E+00    0.17768E+04
    0.21218E+00    0.16980E+04
    0.21646E+00    0.16197E+04
    0.22083E+00    0.15451E+04
    0.22530E+00    0.14766E+04
    0.22985E+00    0.14162E+04
    0.23449E+00    0.13643E+04
    0.23923E+00    0.13201E+04
    0.24406E+00    0.12818E+04
    0.24899E+00    0.12462E+04
    0.25402E+00    0.12110E+04
    0.25915E+00    0.11737E+04
    0.26439E+00    0.11331E+04
    0.26973E+00    0.10892E+04
    0.27518E+00    0.10430E+04
    0.28074E+00    0.99650E+03
    0.28641E+00    0.95183E+03
    0.29219E+00    0.91097E+03
    0.29810E+00    0.87463E+03
    0.30412E+00    0.84272E+03
    0.31026E+00    0.81410E+03
    0.31653E+00    0.78720E+03
    0.32292E+00    0.76045E+03
    0.32945E+00    0.73257E+03
    0.33610E+00    0.70347E+03
    0.34289E+00    0.67364E+03
    0.34982E+00    0.64436E+03
    0.35689E+00    0.61687E+03
    0.36409E+00    0.59170E+03
    0.37145E+00    0.56890E+03
    0.37895E+00    0.54775E+03
    0.38661E+00    0.52739E+03
    0.39442E+00    0.50715E+03
    0.40239E+00    0.48662E+03
    0.41052E+00    0.46618E+03
    0.41881E+00    0.44633E+03
    0.42727E+00    0.42760E+03
    0.43590E+00    0.41026E+03
    0.44471E+00    0.39398E+03
    0.45369E+00    0.37838E+03
    0.46286E+00    0.36310E+03
    0.47221E+00    0.34799E+03
    0.48174E+00    0.33328E+03
    0.49148E+00    0.31921E+03
    0.50141E+00    0.30589E+03
    0.51153E+00    0.29330E+03
    0.52187E+00    0.28121E+03
    0.53241E+00    0.26948E+03
    0.54317E+00    0.25810E+03
    0.55414E+00    0.24711E+03
    0.56533E+00    0.23662E+03
    0.57675E+00    0.22663E+03
    0.58840E+00    0.21706E+03
    0.60029E+00    0.20784E+03
    0.61242E+00    0.19895E+03
    0.62479E+00    0.19040E+03
    0.63741E+00    0.18222E+03
    0.65029E+00    0.17440E+03
    0.66342E+00    0.16691E+03
    0.67683E+00    0.15971E+03
    0.69050E+00    0.15280E+03
    0.70445E+00    0.14617E+03
    0.71868E+00    0.13982E+03
    0.73320E+00    0.13372E+03
    0.74801E+00    0.12787E+03
    0.76312E+00    0.12227E+03
    0.77854E+00    0.11689E+03
    0.79426E+00    0.11175E+03
    0.81031E+00    0.10682E+03
    0.82668E+00    0.10210E+03
    0.84338E+00    0.97575E+02
    0.86041E+00    0.93247E+02
    0.87780E+00    0.89102E+02
    0.89553E+00    0.85135E+02
    0.91362E+00    0.81338E+02
    0.93208E+00    0.77703E+02
    0.95091E+00    0.74224E+02
    0.97011E+00    0.70895E+02
    0.98971E+00    0.67709E+02
    0.10097E+01    0.64661E+02
    0.10301E+01    0.61744E+02
    0.10509E+01    0.58954E+02
    0.10721E+01    0.56285E+02
    0.10938E+01    0.53732E+02
    0.11159E+01    0.51290E+02
    0.11384E+01    0.48956E+02
    0.11614E+01    0.46724E+02
    0.11849E+01    0.44589E+02
    0.12088E+01    0.42549E+02
    0.12333E+01    0.40599E+02
    0.12582E+01    0.38736E+02
    0.12836E+01    0.36955E+02
    0.13095E+01    0.35253E+02
    0.13360E+01    0.33627E+02
    0.13630E+01    0.32073E+02
    0.13905E+01    0.30589E+02
    0.14186E+01    0.29172E+02
    0.14472E+01    0.27818E+02
    0.14765E+01    0.26525E+02
    0.15063E+01    0.25291E+02
    0.15367E+01    0.24112E+02
    0.15678E+01    0.22986E+02
    0.15994E+01    0.21911E+02
    0.16318E+01    0.20886E+02
    0.16647E+01    0.19906E+02
    0.16984E+01    0.18972E+02
    0.17327E+01    0.18080E+02
    0.17677E+01    0.17229E+02
    0.18034E+01    0.16417E+02
    0.18398E+01    0.15642E+02
    0.18770E+01    0.14902E+02
    0.19149E+01    0.14197E+02
    0.19536E+01    0.13524E+02
    0.19930E+01    0.12882E+02
    0.20333E+01    0.12270E+02
    0.20744E+01    0.11687E+02
    0.21163E+01    0.11130E+02
    0.21590E+01    0.10599E+02
    0.22026E+01    0.10093E+02
    0.22471E+01    0.96105E+01
    0.22925E+01    0.91505E+01
    0.23388E+01    0.87120E+01
    0.23861E+01    0.82941E+01
    0.24343E+01    0.78957E+01
    0.24835E+01    0.75160E+01
    0.25336E+01    0.71541E+01
    0.25848E+01    0.68093E+01
    0.26370E+01    0.64808E+01
    0.26903E+01    0.61677E+01
    0.27447E+01    0.58695E+01
    0.28001E+01    0.55853E+01
    0.28567E+01    0.53146E+01
    0.29144E+01    0.50568E+01
    0.29733E+01    0.48112E+01
    0.30333E+01    0.45773E+01
    0.30946E+01    0.43545E+01
    0.31571E+01    0.41424E+01
    0.32209E+01    0.39404E+01
    0.32860E+01    0.37480E+01
    0.33523E+01    0.35649E+01
    0.34201E+01    0.33905E+01
    0.34892E+01    0.32245E+01
    0.35596E+01    0.30665E+01
    0.36316E+01    0.29160E+01
    0.37049E+01    0.27729E+01
    0.37798E+01    0.26366E+01
    0.38561E+01    0.25069E+01
    0.39340E+01    0.23834E+01
    0.40135E+01    0.22660E+01
    0.40946E+01    0.21542E+01
    0.41773E+01    0.20478E+01
    0.42617E+01    0.19466E+01
    0.43478E+01    0.18503E+01
    0.44356E+01    0.17587E+01
    0.45252E+01    0.16716E+01
    0.46166E+01    0.15887E+01
    0.47099E+01    0.15098E+01
    0.48050E+01    0.14348E+01
    0.49021E+01    0.13635E+01
    0.50011E+01    0.12956E+01
    0.51021E+01    0.12311E+01
    0.52052E+01    0.11697E+01
    0.53104E+01    0.11114E+01
    0.54176E+01    0.10559E+01
    0.55271E+01    0.10031E+01
    0.56387E+01    0.95298E+00
    0.57526E+01    0.90529E+00
    0.58689E+01    0.85995E+00
    0.59874E+01    0.81685E+00
    0.61084E+01    0.77587E+00
    0.62318E+01    0.73692E+00
    0.63577E+01    0.69990E+00
    0.64861E+01    0.66471E+00
    0.66171E+01    0.63127E+00
    0.67508E+01    0.59949E+00
    0.68872E+01    0.56928E+00
    0.70263E+01    0.54058E+00
    0.71682E+01    0.51330E+00
    0.73130E+01    0.48739E+00
    0.74608E+01    0.46276E+00
    0.76115E+01    0.43937E+00
    0.77653E+01    0.41714E+00
    0.79221E+01    0.39602E+00
    0.80822E+01    0.37596E+00
    0.82454E+01    0.35690E+00
    0.84120E+01    0.33880E+00
    0.85819E+01    0.32160E+00
    0.87553E+01    0.30526E+00
    0.89322E+01    0.28974E+00
    0.91126E+01    0.27500E+00
    0.92967E+01    0.26099E+00
    0.94845E+01    0.24769E+00
    0.96761E+01    0.23506E+00
    0.98716E+01    0.22306E+00
    0.10071E+02    0.21167E+00
    0.10274E+02    0.20086E+00
    0.10482E+02    0.19059E+00
    0.10694E+02    0.18084E+00
    0.10910E+02    0.17159E+00
    0.11130E+02    0.16281E+00
    0.11355E+02    0.15447E+00
    0.11584E+02    0.14657E+00
