#           k/h    P           
    0.10000E-03    0.56746E+02
    0.10202E-03    0.57846E+02
    0.10408E-03    0.58967E+02
    0.10618E-03    0.60110E+02
    0.10833E-03    0.61274E+02
    0.11052E-03    0.62462E+02
    0.11275E-03    0.63672E+02
    0.11503E-03    0.64905E+02
    0.11735E-03    0.66163E+02
    0.11972E-03    0.67445E+02
    0.12214E-03    0.68752E+02
    0.12461E-03    0.70084E+02
    0.12712E-03    0.71441E+02
    0.12969E-03    0.72825E+02
    0.13231E-03    0.74236E+02
    0.13499E-03    0.75674E+02
    0.13771E-03    0.77140E+02
    0.14049E-03    0.78634E+02
    0.14333E-03    0.80158E+02
    0.14623E-03    0.81710E+02
    0.14918E-03    0.83293E+02
    0.15220E-03    0.84906E+02
    0.15527E-03    0.86550E+02
    0.15841E-03    0.88227E+02
    0.16161E-03    0.89935E+02
    0.16487E-03    0.91677E+02
    0.16820E-03    0.93452E+02
    0.17160E-03    0.95262E+02
    0.17507E-03    0.97106E+02
    0.17860E-03    0.98986E+02
    0.18221E-03    0.10090E+03
    0.18589E-03    0.10286E+03
    0.18965E-03    0.10485E+03
    0.19348E-03    0.10688E+03
    0.19739E-03    0.10895E+03
    0.20138E-03    0.11105E+03
    0.20544E-03    0.11320E+03
    0.20959E-03    0.11539E+03
    0.21383E-03    0.11763E+03
    0.21815E-03    0.11990E+03
    0.22255E-03    0.12222E+03
    0.22705E-03    0.12459E+03
    0.23164E-03    0.12700E+03
    0.23632E-03    0.12946E+03
    0.24109E-03    0.13196E+03
    0.24596E-03    0.13451E+03
    0.25093E-03    0.13711E+03
    0.25600E-03    0.13976E+03
    0.26117E-03    0.14247E+03
    0.26645E-03    0.14522E+03
    0.27183E-03    0.14803E+03
    0.27732E-03    0.15089E+03
    0.28292E-03    0.15381E+03
    0.28864E-03    0.15678E+03
    0.29447E-03    0.15981E+03
    0.30042E-03    0.16289E+03
    0.30649E-03    0.16604E+03
    0.31268E-03    0.16925E+03
    0.31899E-03    0.17252E+03
    0.32544E-03    0.17585E+03
    0.33201E-03    0.17924E+03
    0.33872E-03    0.18270E+03
    0.34556E-03    0.18623E+03
    0.35254E-03    0.18982E+03
    0.35966E-03    0.19348E+03
    0.36693E-03    0.19721E+03
    0.37434E-03    0.20102E+03
    0.38190E-03    0.20489E+03
    0.38962E-03    0.20884E+03
    0.39749E-03    0.21286E+03
    0.40552E-03    0.21697E+03
    0.41371E-03    0.22114E+03
    0.42207E-03    0.22540E+03
    0.43060E-03    0.22974E+03
    0.43929E-03    0.23416E+03
    0.44817E-03    0.23867E+03
    0.45722E-03    0.24326E+03
    0.46646E-03    0.24794E+03
    0.47588E-03    0.25270E+03
    0.48550E-03    0.25756E+03
    0.49530E-03    0.26251E+03
    0.50531E-03    0.26755E+03
    0.51552E-03    0.27268E+03
    0.52593E-03    0.27792E+03
    0.53656E-03    0.28325E+03
    0.54739E-03    0.28868E+03
    0.55845E-03    0.29421E+03
    0.56973E-03    0.29985E+03
    0.58124E-03    0.30559E+03
    0.59299E-03    0.31144E+03
    0.60496E-03    0.31739E+03
    0.61719E-03    0.32346E+03
    0.62965E-03    0.32964E+03
    0.64237E-03    0.33594E+03
    0.65535E-03    0.34235E+03
    0.66859E-03    0.34888E+03
    0.68210E-03    0.35554E+03
    0.69588E-03    0.36231E+03
    0.70993E-03    0.36921E+03
    0.72427E-03    0.37624E+03
    0.73891E-03    0.38339E+03
    0.75383E-03    0.39068E+03
    0.76906E-03    0.39809E+03
    0.78460E-03    0.40565E+03
    0.80045E-03    0.41334E+03
    0.81662E-03    0.42117E+03
    0.83311E-03    0.42914E+03
    0.84994E-03    0.43726E+03
    0.86711E-03    0.44552E+03
    0.88463E-03    0.45393E+03
    0.90250E-03    0.46249E+03
    0.92073E-03    0.47120E+03
    0.93933E-03    0.48007E+03
    0.95831E-03    0.48910E+03
    0.97767E-03    0.49829E+03
    0.99742E-03    0.50764E+03
    0.10176E-02    0.51715E+03
    0.10381E-02    0.52683E+03
    0.10591E-02    0.53668E+03
    0.10805E-02    0.54670E+03
    0.11023E-02    0.55690E+03
    0.11246E-02    0.56727E+03
    0.11473E-02    0.57782E+03
    0.11705E-02    0.58855E+03
    0.11941E-02    0.59947E+03
    0.12182E-02    0.61057E+03
    0.12429E-02    0.62186E+03
    0.12680E-02    0.63334E+03
    0.12936E-02    0.64502E+03
    0.13197E-02    0.65689E+03
    0.13464E-02    0.66896E+03
    0.13736E-02    0.68123E+03
    0.14013E-02    0.69371E+03
    0.14296E-02    0.70638E+03
    0.14585E-02    0.71927E+03
    0.14880E-02    0.73237E+03
    0.15180E-02    0.74568E+03
    0.15487E-02    0.75920E+03
    0.15800E-02    0.77295E+03
    0.16119E-02    0.78691E+03
    0.16445E-02    0.80109E+03
    0.16777E-02    0.81550E+03
    0.17116E-02    0.83013E+03
    0.17462E-02    0.84499E+03
    0.17814E-02    0.86008E+03
    0.18174E-02    0.87540E+03
    0.18541E-02    0.89095E+03
    0.18916E-02    0.90674E+03
    0.19298E-02    0.92277E+03
    0.19688E-02    0.93904E+03
    0.20086E-02    0.95554E+03
    0.20491E-02    0.97229E+03
    0.20905E-02    0.98928E+03
    0.21328E-02    0.10065E+04
    0.21758E-02    0.10240E+04
    0.22198E-02    0.10417E+04
    0.22646E-02    0.10597E+04
    0.23104E-02    0.10779E+04
    0.23571E-02    0.10964E+04
    0.24047E-02    0.11152E+04
    0.24533E-02    0.11341E+04
    0.25028E-02    0.11534E+04
    0.25534E-02    0.11729E+04
    0.26050E-02    0.11926E+04
    0.26576E-02    0.12126E+04
    0.27113E-02    0.12328E+04
    0.27660E-02    0.12533E+04
    0.28219E-02    0.12741E+04
    0.28789E-02    0.12951E+04
    0.29371E-02    0.13164E+04
    0.29964E-02    0.13379E+04
    0.30569E-02    0.13596E+04
    0.31187E-02    0.13816E+04
    0.31817E-02    0.14039E+04
    0.32460E-02    0.14264E+04
    0.33115E-02    0.14491E+04
    0.33784E-02    0.14721E+04
    0.34467E-02    0.14953E+04
    0.35163E-02    0.15187E+04
    0.35874E-02    0.15424E+04
    0.36598E-02    0.15663E+04
    0.37338E-02    0.15905E+04
    0.38092E-02    0.16148E+04
    0.38861E-02    0.16394E+04
    0.39646E-02    0.16642E+04
    0.40447E-02    0.16892E+04
    0.41264E-02    0.17144E+04
    0.42098E-02    0.17398E+04
    0.42948E-02    0.17655E+04
    0.43816E-02    0.17912E+04
    0.44701E-02    0.18172E+04
    0.45604E-02    0.18434E+04
    0.46525E-02    0.18697E+04
    0.47465E-02    0.18962E+04
    0.48424E-02    0.19228E+04
    0.49402E-02    0.19496E+04
    0.50400E-02    0.19765E+04
    0.51419E-02    0.20036E+04
    0.52457E-02    0.20307E+04
    0.53517E-02    0.20580E+04
    0.54598E-02    0.20854E+04
    0.55701E-02    0.21129E+04
    0.56826E-02    0.21404E+04
    0.57974E-02    0.21680E+04
    0.59145E-02    0.21957E+04
    0.60340E-02    0.22235E+04
    0.61559E-02    0.22512E+04
    0.62803E-02    0.22790E+04
    0.64072E-02    0.23067E+04
    0.65366E-02    0.23344E+04
    0.66686E-02    0.23621E+04
    0.68033E-02    0.23898E+04
    0.69408E-02    0.24173E+04
    0.70810E-02    0.24448E+04
    0.72240E-02    0.24722E+04
    0.73700E-02    0.24995E+04
    0.75189E-02    0.25267E+04
    0.76708E-02    0.25537E+04
    0.78257E-02    0.25804E+04
    0.79838E-02    0.26070E+04
    0.81451E-02    0.26334E+04
    0.83096E-02    0.26596E+04
    0.84775E-02    0.26855E+04
    0.86488E-02    0.27111E+04
    0.88235E-02    0.27364E+04
    0.90017E-02    0.27614E+04
    0.91836E-02    0.27860E+04
    0.93691E-02    0.28102E+04
    0.95583E-02    0.28340E+04
    0.97514E-02    0.28574E+04
    0.99484E-02    0.28804E+04
    0.10149E-01    0.29028E+04
    0.10354E-01    0.29247E+04
    0.10564E-01    0.29461E+04
    0.10777E-01    0.29668E+04
    0.10995E-01    0.29870E+04
    0.11217E-01    0.30065E+04
    0.11443E-01    0.30254E+04
    0.11675E-01    0.30435E+04
    0.11910E-01    0.30609E+04
    0.12151E-01    0.30775E+04
    0.12397E-01    0.30934E+04
    0.12647E-01    0.31084E+04
    0.12902E-01    0.31225E+04
    0.13163E-01    0.31357E+04
    0.13429E-01    0.31479E+04
    0.13700E-01    0.31592E+04
    0.13977E-01    0.31695E+04
    0.14259E-01    0.31788E+04
    0.14547E-01    0.31869E+04
    0.14841E-01    0.31940E+04
    0.15141E-01    0.31999E+04
    0.15447E-01    0.32046E+04
    0.15759E-01    0.32081E+04
    0.16077E-01    0.32104E+04
    0.16402E-01    0.32113E+04
    0.16734E-01    0.32110E+04
    0.17072E-01    0.32094E+04
    0.17416E-01    0.32064E+04
    0.17768E-01    0.32020E+04
    0.18127E-01    0.31962E+04
    0.18493E-01    0.31890E+04
    0.18867E-01    0.31803E+04
    0.19248E-01    0.31702E+04
    0.19637E-01    0.31585E+04
    0.20034E-01    0.31454E+04
    0.20438E-01    0.31308E+04
    0.20851E-01    0.31147E+04
    0.21272E-01    0.30970E+04
    0.21702E-01    0.30779E+04
    0.22141E-01    0.30572E+04
    0.22588E-01    0.30350E+04
    0.23044E-01    0.30114E+04
    0.23510E-01    0.29863E+04
    0.23985E-01    0.29597E+04
    0.24469E-01    0.29318E+04
    0.24964E-01    0.29024E+04
    0.25468E-01    0.28717E+04
    0.25982E-01    0.28398E+04
    0.26507E-01    0.28065E+04
    0.27043E-01    0.27721E+04
    0.27589E-01    0.27366E+04
    0.28146E-01    0.27000E+04
    0.28715E-01    0.26624E+04
    0.29295E-01    0.26239E+04
    0.29887E-01    0.25845E+04
    0.30490E-01    0.25445E+04
    0.31106E-01    0.25038E+04
    0.31735E-01    0.24625E+04
    0.32376E-01    0.24209E+04
    0.33030E-01    0.23788E+04
    0.33697E-01    0.23366E+04
    0.34378E-01    0.22943E+04
    0.35072E-01    0.22520E+04
    0.35781E-01    0.22098E+04
    0.36504E-01    0.21679E+04
    0.37241E-01    0.21262E+04
    0.37993E-01    0.20847E+04
    0.38761E-01    0.20436E+04
    0.39544E-01    0.20031E+04
    0.40343E-01    0.19634E+04
    0.41158E-01    0.19246E+04
    0.41989E-01    0.18869E+04
    0.42838E-01    0.18503E+04
    0.43703E-01    0.18149E+04
    0.44586E-01    0.17808E+04
    0.45486E-01    0.17480E+04
    0.46405E-01    0.17165E+04
    0.47343E-01    0.16864E+04
    0.48299E-01    0.16576E+04
    0.49275E-01    0.16300E+04
    0.50270E-01    0.16036E+04
    0.51286E-01    0.15784E+04
    0.52322E-01    0.15543E+04
    0.53379E-01    0.15311E+04
    0.54457E-01    0.15088E+04
    0.55557E-01    0.14873E+04
    0.56680E-01    0.14663E+04
    0.57825E-01    0.14458E+04
    0.58993E-01    0.14263E+04
    0.60184E-01    0.14079E+04
    0.61400E-01    0.13896E+04
    0.62641E-01    0.13706E+04
    0.63906E-01    0.13512E+04
    0.65197E-01    0.13314E+04
    0.66514E-01    0.13112E+04
    0.67858E-01    0.12902E+04
    0.69229E-01    0.12681E+04
    0.70627E-01    0.12448E+04
    0.72054E-01    0.12201E+04
    0.73510E-01    0.11940E+04
    0.74994E-01    0.11664E+04
    0.76509E-01    0.11374E+04
    0.78055E-01    0.11070E+04
    0.79632E-01    0.10754E+04
    0.81241E-01    0.10428E+04
    0.82882E-01    0.10096E+04
    0.84556E-01    0.97591E+03
    0.86264E-01    0.94214E+03
    0.88007E-01    0.90857E+03
    0.89785E-01    0.87550E+03
    0.91598E-01    0.84321E+03
    0.93449E-01    0.81197E+03
    0.95337E-01    0.78206E+03
    0.97263E-01    0.75370E+03
    0.99227E-01    0.72711E+03
    0.10123E+00    0.70249E+03
    0.10328E+00    0.67995E+03
    0.10536E+00    0.65958E+03
    0.10749E+00    0.64136E+03
    0.10966E+00    0.62520E+03
    0.11188E+00    0.61092E+03
    0.11414E+00    0.59827E+03
    0.11644E+00    0.58691E+03
    0.11880E+00    0.57647E+03
    0.12120E+00    0.56651E+03
    0.12365E+00    0.55659E+03
    0.12614E+00    0.54624E+03
    0.12869E+00    0.53506E+03
    0.13129E+00    0.52268E+03
    0.13394E+00    0.50891E+03
    0.13665E+00    0.49369E+03
    0.13941E+00    0.47712E+03
    0.14223E+00    0.45947E+03
    0.14510E+00    0.44108E+03
    0.14803E+00    0.42236E+03
    0.15102E+00    0.40372E+03
    0.15407E+00    0.38559E+03
    0.15718E+00    0.36837E+03
    0.16036E+00    0.35247E+03
    0.16360E+00    0.33821E+03
    0.16690E+00    0.32578E+03
    0.17028E+00    0.31518E+03
    0.17371E+00    0.30622E+03
    0.17722E+00    0.29854E+03
    0.18080E+00    0.29171E+03
    0.18446E+00    0.28528E+03
    0.18818E+00    0.27884E+03
    0.19198E+00    0.27199E+03
    0.19586E+00    0.26441E+03
    0.19982E+00    0.25591E+03
    0.20386E+00    0.24648E+03
    0.20797E+00    0.23634E+03
    0.21218E+00    0.22586E+03
    0.21646E+00    0.21545E+03
    0.22083E+00    0.20552E+03
    0.22530E+00    0.19641E+03
    0.22985E+00    0.18838E+03
    0.23449E+00    0.18148E+03
    0.23923E+00    0.17560E+03
    0.24406E+00    0.17050E+03
    0.24899E+00    0.16578E+03
    0.25402E+00    0.16109E+03
    0.25915E+00    0.15612E+03
    0.26439E+00    0.15074E+03
    0.26973E+00    0.14489E+03
    0.27518E+00    0.13875E+03
    0.28074E+00    0.13256E+03
    0.28641E+00    0.12662E+03
    0.29219E+00    0.12118E+03
    0.29810E+00    0.11635E+03
    0.30412E+00    0.11211E+03
    0.31026E+00    0.10830E+03
    0.31653E+00    0.10472E+03
    0.32292E+00    0.10116E+03
    0.32945E+00    0.97455E+02
    0.33610E+00    0.93583E+02
    0.34289E+00    0.89616E+02
    0.34982E+00    0.85720E+02
    0.35689E+00    0.82064E+02
    0.36409E+00    0.78715E+02
    0.37145E+00    0.75683E+02
    0.37895E+00    0.72869E+02
    0.38661E+00    0.70161E+02
    0.39442E+00    0.67468E+02
    0.40239E+00    0.64737E+02
    0.41052E+00    0.62018E+02
    0.41881E+00    0.59377E+02
    0.42727E+00    0.56886E+02
    0.43590E+00    0.54579E+02
    0.44471E+00    0.52414E+02
    0.45369E+00    0.50338E+02
    0.46286E+00    0.48305E+02
    0.47221E+00    0.46295E+02
    0.48174E+00    0.44339E+02
    0.49148E+00    0.42467E+02
    0.50141E+00    0.40695E+02
    0.51153E+00    0.39020E+02
    0.52187E+00    0.37412E+02
    0.53241E+00    0.35851E+02
    0.54317E+00    0.34337E+02
    0.55414E+00    0.32875E+02
    0.56533E+00    0.31480E+02
    0.57675E+00    0.30151E+02
    0.58840E+00    0.28878E+02
    0.60029E+00    0.27650E+02
    0.61242E+00    0.26468E+02
    0.62479E+00    0.25331E+02
    0.63741E+00    0.24243E+02
    0.65029E+00    0.23203E+02
    0.66342E+00    0.22205E+02
    0.67683E+00    0.21248E+02
    0.69050E+00    0.20329E+02
    0.70445E+00    0.19447E+02
    0.71868E+00    0.18601E+02
    0.73320E+00    0.17790E+02
    0.74801E+00    0.17012E+02
    0.76312E+00    0.16266E+02
    0.77854E+00    0.15552E+02
    0.79426E+00    0.14867E+02
    0.81031E+00    0.14211E+02
    0.82668E+00    0.13583E+02
    0.84338E+00    0.12982E+02
    0.86041E+00    0.12406E+02
    0.87780E+00    0.11854E+02
    0.89553E+00    0.11327E+02
    0.91362E+00    0.10821E+02
    0.93208E+00    0.10338E+02
    0.95091E+00    0.98750E+01
    0.97011E+00    0.94321E+01
    0.98971E+00    0.90082E+01
    0.10097E+01    0.86027E+01
    0.10301E+01    0.82146E+01
    0.10509E+01    0.78434E+01
    0.10721E+01    0.74883E+01
    0.10938E+01    0.71487E+01
    0.11159E+01    0.68238E+01
    0.11384E+01    0.65132E+01
    0.11614E+01    0.62163E+01
    0.11849E+01    0.59323E+01
    0.12088E+01    0.56609E+01
    0.12333E+01    0.54015E+01
    0.12582E+01    0.51535E+01
    0.12836E+01    0.49166E+01
    0.13095E+01    0.46902E+01
    0.13360E+01    0.44738E+01
    0.13630E+01    0.42672E+01
    0.13905E+01    0.40697E+01
    0.14186E+01    0.38812E+01
    0.14472E+01    0.37010E+01
    0.14765E+01    0.35290E+01
    0.15063E+01    0.33648E+01
    0.15367E+01    0.32079E+01
    0.15678E+01    0.30582E+01
    0.15994E+01    0.29152E+01
    0.16318E+01    0.27787E+01
    0.16647E+01    0.26484E+01
    0.16984E+01    0.25241E+01
    0.17327E+01    0.24054E+01
    0.17677E+01    0.22922E+01
    0.18034E+01    0.21841E+01
    0.18398E+01    0.20810E+01
    0.18770E+01    0.19827E+01
    0.19149E+01    0.18888E+01
    0.19536E+01    0.17993E+01
    0.19930E+01    0.17139E+01
    0.20333E+01    0.16325E+01
    0.20744E+01    0.15548E+01
    0.21163E+01    0.14808E+01
    0.21590E+01    0.14102E+01
    0.22026E+01    0.13428E+01
    0.22471E+01    0.12786E+01
    0.22925E+01    0.12174E+01
    0.23388E+01    0.11591E+01
    0.23861E+01    0.11035E+01
    0.24343E+01    0.10505E+01
    0.24835E+01    0.99996E+00
    0.25336E+01    0.95182E+00
    0.25848E+01    0.90594E+00
    0.26370E+01    0.86223E+00
    0.26903E+01    0.82058E+00
    0.27447E+01    0.78090E+00
    0.28001E+01    0.74309E+00
    0.28567E+01    0.70708E+00
    0.29144E+01    0.67278E+00
    0.29733E+01    0.64010E+00
    0.30333E+01    0.60898E+00
    0.30946E+01    0.57935E+00
    0.31571E+01    0.55112E+00
    0.32209E+01    0.52425E+00
    0.32860E+01    0.49865E+00
    0.33523E+01    0.47429E+00
    0.34201E+01    0.45109E+00
    0.34892E+01    0.42900E+00
    0.35596E+01    0.40798E+00
    0.36316E+01    0.38796E+00
    0.37049E+01    0.36891E+00
    0.37798E+01    0.35078E+00
    0.38561E+01    0.33353E+00
    0.39340E+01    0.31710E+00
    0.40135E+01    0.30147E+00
    0.40946E+01    0.28660E+00
    0.41773E+01    0.27245E+00
    0.42617E+01    0.25899E+00
    0.43478E+01    0.24617E+00
    0.44356E+01    0.23399E+00
    0.45252E+01    0.22239E+00
    0.46166E+01    0.21136E+00
    0.47099E+01    0.20087E+00
    0.48050E+01    0.19089E+00
    0.49021E+01    0.18140E+00
    0.50011E+01    0.17238E+00
    0.51021E+01    0.16379E+00
    0.52052E+01    0.15563E+00
    0.53104E+01    0.14786E+00
    0.54176E+01    0.14048E+00
    0.55271E+01    0.13346E+00
    0.56387E+01    0.12679E+00
    0.57526E+01    0.12044E+00
    0.58689E+01    0.11441E+00
    0.59874E+01    0.10868E+00
    0.61084E+01    0.10323E+00
    0.62318E+01    0.98044E-01
    0.63577E+01    0.93118E-01
    0.64861E+01    0.88437E-01
    0.66171E+01    0.83987E-01
    0.67508E+01    0.79759E-01
    0.68872E+01    0.75740E-01
    0.70263E+01    0.71921E-01
    0.71682E+01    0.68292E-01
    0.73130E+01    0.64844E-01
    0.74608E+01    0.61568E-01
    0.76115E+01    0.58455E-01
    0.77653E+01    0.55498E-01
    0.79221E+01    0.52689E-01
    0.80822E+01    0.50020E-01
    0.82454E+01    0.47484E-01
    0.84120E+01    0.45075E-01
    0.85819E+01    0.42787E-01
    0.87553E+01    0.40613E-01
    0.89322E+01    0.38548E-01
    0.91126E+01    0.36587E-01
    0.92967E+01    0.34724E-01
    0.94845E+01    0.32954E-01
    0.96761E+01    0.31274E-01
    0.98716E+01    0.29678E-01
    0.10071E+02    0.28162E-01
    0.10274E+02    0.26723E-01
    0.10482E+02    0.25357E-01
    0.10694E+02    0.24060E-01
    0.10910E+02    0.22829E-01
    0.11130E+02    0.21661E-01
    0.11355E+02    0.20552E-01
    0.11584E+02    0.19500E-01
