#           k/h    P           
    0.10000E-03    0.71581E+02
    0.10202E-03    0.72968E+02
    0.10408E-03    0.74382E+02
    0.10618E-03    0.75823E+02
    0.10833E-03    0.77293E+02
    0.11052E-03    0.78790E+02
    0.11275E-03    0.80317E+02
    0.11503E-03    0.81873E+02
    0.11735E-03    0.83459E+02
    0.11972E-03    0.85076E+02
    0.12214E-03    0.86725E+02
    0.12461E-03    0.88405E+02
    0.12712E-03    0.90117E+02
    0.12969E-03    0.91863E+02
    0.13231E-03    0.93643E+02
    0.13499E-03    0.95457E+02
    0.13771E-03    0.97306E+02
    0.14049E-03    0.99191E+02
    0.14333E-03    0.10111E+03
    0.14623E-03    0.10307E+03
    0.14918E-03    0.10507E+03
    0.15220E-03    0.10710E+03
    0.15527E-03    0.10918E+03
    0.15841E-03    0.11129E+03
    0.16161E-03    0.11345E+03
    0.16487E-03    0.11564E+03
    0.16820E-03    0.11788E+03
    0.17160E-03    0.12016E+03
    0.17507E-03    0.12249E+03
    0.17860E-03    0.12486E+03
    0.18221E-03    0.12728E+03
    0.18589E-03    0.12974E+03
    0.18965E-03    0.13226E+03
    0.19348E-03    0.13482E+03
    0.19739E-03    0.13742E+03
    0.20138E-03    0.14008E+03
    0.20544E-03    0.14280E+03
    0.20959E-03    0.14556E+03
    0.21383E-03    0.14838E+03
    0.21815E-03    0.15125E+03
    0.22255E-03    0.15417E+03
    0.22705E-03    0.15716E+03
    0.23164E-03    0.16020E+03
    0.23632E-03    0.16329E+03
    0.24109E-03    0.16645E+03
    0.24596E-03    0.16967E+03
    0.25093E-03    0.17295E+03
    0.25600E-03    0.17630E+03
    0.26117E-03    0.17970E+03
    0.26645E-03    0.18318E+03
    0.27183E-03    0.18672E+03
    0.27732E-03    0.19033E+03
    0.28292E-03    0.19401E+03
    0.28864E-03    0.19776E+03
    0.29447E-03    0.20158E+03
    0.30042E-03    0.20547E+03
    0.30649E-03    0.20944E+03
    0.31268E-03    0.21348E+03
    0.31899E-03    0.21760E+03
    0.32544E-03    0.22181E+03
    0.33201E-03    0.22609E+03
    0.33872E-03    0.23045E+03
    0.34556E-03    0.23490E+03
    0.35254E-03    0.23943E+03
    0.35966E-03    0.24405E+03
    0.36693E-03    0.24875E+03
    0.37434E-03    0.25355E+03
    0.38190E-03    0.25844E+03
    0.38962E-03    0.26342E+03
    0.39749E-03    0.26849E+03
    0.40552E-03    0.27366E+03
    0.41371E-03    0.27894E+03
    0.42207E-03    0.28431E+03
    0.43060E-03    0.28978E+03
    0.43929E-03    0.29535E+03
    0.44817E-03    0.30104E+03
    0.45722E-03    0.30683E+03
    0.46646E-03    0.31272E+03
    0.47588E-03    0.31873E+03
    0.48550E-03    0.32486E+03
    0.49530E-03    0.33110E+03
    0.50531E-03    0.33745E+03
    0.51552E-03    0.34393E+03
    0.52593E-03    0.35053E+03
    0.53656E-03    0.35725E+03
    0.54739E-03    0.36410E+03
    0.55845E-03    0.37107E+03
    0.56973E-03    0.37818E+03
    0.58124E-03    0.38542E+03
    0.59299E-03    0.39280E+03
    0.60496E-03    0.40031E+03
    0.61719E-03    0.40796E+03
    0.62965E-03    0.41575E+03
    0.64237E-03    0.42369E+03
    0.65535E-03    0.43178E+03
    0.66859E-03    0.44001E+03
    0.68210E-03    0.44840E+03
    0.69588E-03    0.45694E+03
    0.70993E-03    0.46564E+03
    0.72427E-03    0.47450E+03
    0.73891E-03    0.48352E+03
    0.75383E-03    0.49270E+03
    0.76906E-03    0.50205E+03
    0.78460E-03    0.51158E+03
    0.80045E-03    0.52127E+03
    0.81662E-03    0.53114E+03
    0.83311E-03    0.54119E+03
    0.84994E-03    0.55142E+03
    0.86711E-03    0.56184E+03
    0.88463E-03    0.57244E+03
    0.90250E-03    0.58324E+03
    0.92073E-03    0.59422E+03
    0.93933E-03    0.60540E+03
    0.95831E-03    0.61678E+03
    0.97767E-03    0.62836E+03
    0.99742E-03    0.64014E+03
    0.10176E-02    0.65214E+03
    0.10381E-02    0.66434E+03
    0.10591E-02    0.67675E+03
    0.10805E-02    0.68939E+03
    0.11023E-02    0.70224E+03
    0.11246E-02    0.71531E+03
    0.11473E-02    0.72861E+03
    0.11705E-02    0.74214E+03
    0.11941E-02    0.75590E+03
    0.12182E-02    0.76990E+03
    0.12429E-02    0.78413E+03
    0.12680E-02    0.79860E+03
    0.12936E-02    0.81332E+03
    0.13197E-02    0.82829E+03
    0.13464E-02    0.84350E+03
    0.13736E-02    0.85897E+03
    0.14013E-02    0.87469E+03
    0.14296E-02    0.89067E+03
    0.14585E-02    0.90692E+03
    0.14880E-02    0.92343E+03
    0.15180E-02    0.94021E+03
    0.15487E-02    0.95726E+03
    0.15800E-02    0.97458E+03
    0.16119E-02    0.99218E+03
    0.16445E-02    0.10101E+04
    0.16777E-02    0.10282E+04
    0.17116E-02    0.10467E+04
    0.17462E-02    0.10654E+04
    0.17814E-02    0.10844E+04
    0.18174E-02    0.11037E+04
    0.18541E-02    0.11233E+04
    0.18916E-02    0.11432E+04
    0.19298E-02    0.11634E+04
    0.19688E-02    0.11840E+04
    0.20086E-02    0.12048E+04
    0.20491E-02    0.12259E+04
    0.20905E-02    0.12473E+04
    0.21328E-02    0.12690E+04
    0.21758E-02    0.12911E+04
    0.22198E-02    0.13134E+04
    0.22646E-02    0.13361E+04
    0.23104E-02    0.13591E+04
    0.23571E-02    0.13824E+04
    0.24047E-02    0.14060E+04
    0.24533E-02    0.14299E+04
    0.25028E-02    0.14541E+04
    0.25534E-02    0.14787E+04
    0.26050E-02    0.15036E+04
    0.26576E-02    0.15288E+04
    0.27113E-02    0.15543E+04
    0.27660E-02    0.15802E+04
    0.28219E-02    0.16063E+04
    0.28789E-02    0.16328E+04
    0.29371E-02    0.16596E+04
    0.29964E-02    0.16867E+04
    0.30569E-02    0.17141E+04
    0.31187E-02    0.17419E+04
    0.31817E-02    0.17699E+04
    0.32460E-02    0.17983E+04
    0.33115E-02    0.18269E+04
    0.33784E-02    0.18559E+04
    0.34467E-02    0.18852E+04
    0.35163E-02    0.19147E+04
    0.35874E-02    0.19446E+04
    0.36598E-02    0.19747E+04
    0.37338E-02    0.20051E+04
    0.38092E-02    0.20359E+04
    0.38861E-02    0.20668E+04
    0.39646E-02    0.20981E+04
    0.40447E-02    0.21296E+04
    0.41264E-02    0.21614E+04
    0.42098E-02    0.21934E+04
    0.42948E-02    0.22257E+04
    0.43816E-02    0.22582E+04
    0.44701E-02    0.22910E+04
    0.45604E-02    0.23239E+04
    0.46525E-02    0.23571E+04
    0.47465E-02    0.23905E+04
    0.48424E-02    0.24241E+04
    0.49402E-02    0.24578E+04
    0.50400E-02    0.24918E+04
    0.51419E-02    0.25258E+04
    0.52457E-02    0.25601E+04
    0.53517E-02    0.25945E+04
    0.54598E-02    0.26290E+04
    0.55701E-02    0.26636E+04
    0.56826E-02    0.26983E+04
    0.57974E-02    0.27331E+04
    0.59145E-02    0.27680E+04
    0.60340E-02    0.28030E+04
    0.61559E-02    0.28380E+04
    0.62803E-02    0.28729E+04
    0.64072E-02    0.29079E+04
    0.65366E-02    0.29428E+04
    0.66686E-02    0.29777E+04
    0.68033E-02    0.30126E+04
    0.69408E-02    0.30473E+04
    0.70810E-02    0.30820E+04
    0.72240E-02    0.31165E+04
    0.73700E-02    0.31509E+04
    0.75189E-02    0.31851E+04
    0.76708E-02    0.32191E+04
    0.78257E-02    0.32529E+04
    0.79838E-02    0.32864E+04
    0.81451E-02    0.33196E+04
    0.83096E-02    0.33526E+04
    0.84775E-02    0.33852E+04
    0.86488E-02    0.34175E+04
    0.88235E-02    0.34494E+04
    0.90017E-02    0.34809E+04
    0.91836E-02    0.35119E+04
    0.93691E-02    0.35424E+04
    0.95583E-02    0.35724E+04
    0.97514E-02    0.36019E+04
    0.99484E-02    0.36308E+04
    0.10149E-01    0.36591E+04
    0.10354E-01    0.36867E+04
    0.10564E-01    0.37136E+04
    0.10777E-01    0.37398E+04
    0.10995E-01    0.37652E+04
    0.11217E-01    0.37898E+04
    0.11443E-01    0.38135E+04
    0.11675E-01    0.38363E+04
    0.11910E-01    0.38583E+04
    0.12151E-01    0.38792E+04
    0.12397E-01    0.38991E+04
    0.12647E-01    0.39180E+04
    0.12902E-01    0.39358E+04
    0.13163E-01    0.39524E+04
    0.13429E-01    0.39679E+04
    0.13700E-01    0.39821E+04
    0.13977E-01    0.39950E+04
    0.14259E-01    0.40066E+04
    0.14547E-01    0.40169E+04
    0.14841E-01    0.40258E+04
    0.15141E-01    0.40332E+04
    0.15447E-01    0.40391E+04
    0.15759E-01    0.40435E+04
    0.16077E-01    0.40464E+04
    0.16402E-01    0.40476E+04
    0.16734E-01    0.40472E+04
    0.17072E-01    0.40451E+04
    0.17416E-01    0.40413E+04
    0.17768E-01    0.40358E+04
    0.18127E-01    0.40284E+04
    0.18493E-01    0.40193E+04
    0.18867E-01    0.40084E+04
    0.19248E-01    0.39956E+04
    0.19637E-01    0.39809E+04
    0.20034E-01    0.39643E+04
    0.20438E-01    0.39459E+04
    0.20851E-01    0.39255E+04
    0.21272E-01    0.39033E+04
    0.21702E-01    0.38791E+04
    0.22141E-01    0.38530E+04
    0.22588E-01    0.38251E+04
    0.23044E-01    0.37953E+04
    0.23510E-01    0.37636E+04
    0.23985E-01    0.37301E+04
    0.24469E-01    0.36949E+04
    0.24964E-01    0.36579E+04
    0.25468E-01    0.36192E+04
    0.25982E-01    0.35789E+04
    0.26507E-01    0.35370E+04
    0.27043E-01    0.34936E+04
    0.27589E-01    0.34488E+04
    0.28146E-01    0.34026E+04
    0.28715E-01    0.33552E+04
    0.29295E-01    0.33067E+04
    0.29887E-01    0.32571E+04
    0.30490E-01    0.32066E+04
    0.31106E-01    0.31553E+04
    0.31735E-01    0.31033E+04
    0.32376E-01    0.30508E+04
    0.33030E-01    0.29979E+04
    0.33697E-01    0.29446E+04
    0.34378E-01    0.28913E+04
    0.35072E-01    0.28380E+04
    0.35781E-01    0.27848E+04
    0.36504E-01    0.27320E+04
    0.37241E-01    0.26794E+04
    0.37993E-01    0.26271E+04
    0.38761E-01    0.25753E+04
    0.39544E-01    0.25242E+04
    0.40343E-01    0.24742E+04
    0.41158E-01    0.24253E+04
    0.41989E-01    0.23778E+04
    0.42838E-01    0.23317E+04
    0.43703E-01    0.22871E+04
    0.44586E-01    0.22441E+04
    0.45486E-01    0.22027E+04
    0.46405E-01    0.21631E+04
    0.47343E-01    0.21251E+04
    0.48299E-01    0.20887E+04
    0.49275E-01    0.20540E+04
    0.50270E-01    0.20208E+04
    0.51286E-01    0.19890E+04
    0.52322E-01    0.19586E+04
    0.53379E-01    0.19294E+04
    0.54457E-01    0.19012E+04
    0.55557E-01    0.18741E+04
    0.56680E-01    0.18477E+04
    0.57825E-01    0.18219E+04
    0.58993E-01    0.17972E+04
    0.60184E-01    0.17740E+04
    0.61400E-01    0.17510E+04
    0.62641E-01    0.17271E+04
    0.63906E-01    0.17026E+04
    0.65197E-01    0.16777E+04
    0.66514E-01    0.16523E+04
    0.67858E-01    0.16258E+04
    0.69229E-01    0.15979E+04
    0.70627E-01    0.15685E+04
    0.72054E-01    0.15375E+04
    0.73510E-01    0.15046E+04
    0.74994E-01    0.14698E+04
    0.76509E-01    0.14332E+04
    0.78055E-01    0.13948E+04
    0.79632E-01    0.13550E+04
    0.81241E-01    0.13140E+04
    0.82882E-01    0.12721E+04
    0.84556E-01    0.12297E+04
    0.86264E-01    0.11871E+04
    0.88007E-01    0.11448E+04
    0.89785E-01    0.11032E+04
    0.91598E-01    0.10625E+04
    0.93449E-01    0.10231E+04
    0.95337E-01    0.98542E+03
    0.97263E-01    0.94968E+03
    0.99227E-01    0.91618E+03
    0.10123E+00    0.88515E+03
    0.10328E+00    0.85676E+03
    0.10536E+00    0.83109E+03
    0.10749E+00    0.80813E+03
    0.10966E+00    0.78776E+03
    0.11188E+00    0.76977E+03
    0.11414E+00    0.75383E+03
    0.11644E+00    0.73952E+03
    0.11880E+00    0.72636E+03
    0.12120E+00    0.71381E+03
    0.12365E+00    0.70131E+03
    0.12614E+00    0.68827E+03
    0.12869E+00    0.67418E+03
    0.13129E+00    0.65859E+03
    0.13394E+00    0.64123E+03
    0.13665E+00    0.62205E+03
    0.13941E+00    0.60117E+03
    0.14223E+00    0.57893E+03
    0.14510E+00    0.55576E+03
    0.14803E+00    0.53217E+03
    0.15102E+00    0.50869E+03
    0.15407E+00    0.48584E+03
    0.15718E+00    0.46415E+03
    0.16036E+00    0.44411E+03
    0.16360E+00    0.42614E+03
    0.16690E+00    0.41048E+03
    0.17028E+00    0.39712E+03
    0.17371E+00    0.38583E+03
    0.17722E+00    0.37616E+03
    0.18080E+00    0.36755E+03
    0.18446E+00    0.35946E+03
    0.18818E+00    0.35134E+03
    0.19198E+00    0.34270E+03
    0.19586E+00    0.33315E+03
    0.19982E+00    0.32244E+03
    0.20386E+00    0.31056E+03
    0.20797E+00    0.29779E+03
    0.21218E+00    0.28458E+03
    0.21646E+00    0.27146E+03
    0.22083E+00    0.25895E+03
    0.22530E+00    0.24748E+03
    0.22985E+00    0.23735E+03
    0.23449E+00    0.22866E+03
    0.23923E+00    0.22126E+03
    0.24406E+00    0.21483E+03
    0.24899E+00    0.20888E+03
    0.25402E+00    0.20297E+03
    0.25915E+00    0.19671E+03
    0.26439E+00    0.18992E+03
    0.26973E+00    0.18256E+03
    0.27518E+00    0.17482E+03
    0.28074E+00    0.16702E+03
    0.28641E+00    0.15954E+03
    0.29219E+00    0.15269E+03
    0.29810E+00    0.14660E+03
    0.30412E+00    0.14125E+03
    0.31026E+00    0.13645E+03
    0.31653E+00    0.13195E+03
    0.32292E+00    0.12746E+03
    0.32945E+00    0.12279E+03
    0.33610E+00    0.11791E+03
    0.34289E+00    0.11291E+03
    0.34982E+00    0.10801E+03
    0.35689E+00    0.10340E+03
    0.36409E+00    0.99179E+02
    0.37145E+00    0.95358E+02
    0.37895E+00    0.91813E+02
    0.38661E+00    0.88401E+02
    0.39442E+00    0.85007E+02
    0.40239E+00    0.81567E+02
    0.41052E+00    0.78141E+02
    0.41881E+00    0.74814E+02
    0.42727E+00    0.71675E+02
    0.43590E+00    0.68768E+02
    0.44471E+00    0.66040E+02
    0.45369E+00    0.63425E+02
    0.46286E+00    0.60863E+02
    0.47221E+00    0.58330E+02
    0.48174E+00    0.55866E+02
    0.49148E+00    0.53507E+02
    0.50141E+00    0.51275E+02
    0.51153E+00    0.49165E+02
    0.52187E+00    0.47138E+02
    0.53241E+00    0.45172E+02
    0.54317E+00    0.43263E+02
    0.55414E+00    0.41422E+02
    0.56533E+00    0.39663E+02
    0.57675E+00    0.37990E+02
    0.58840E+00    0.36385E+02
    0.60029E+00    0.34839E+02
    0.61242E+00    0.33349E+02
    0.62479E+00    0.31916E+02
    0.63741E+00    0.30545E+02
    0.65029E+00    0.29235E+02
    0.66342E+00    0.27978E+02
    0.67683E+00    0.26772E+02
    0.69050E+00    0.25614E+02
    0.70445E+00    0.24503E+02
    0.71868E+00    0.23437E+02
    0.73320E+00    0.22415E+02
    0.74801E+00    0.21435E+02
    0.76312E+00    0.20495E+02
    0.77854E+00    0.19595E+02
    0.79426E+00    0.18732E+02
    0.81031E+00    0.17906E+02
    0.82668E+00    0.17114E+02
    0.84338E+00    0.16356E+02
    0.86041E+00    0.15631E+02
    0.87780E+00    0.14936E+02
    0.89553E+00    0.14271E+02
    0.91362E+00    0.13635E+02
    0.93208E+00    0.13025E+02
    0.95091E+00    0.12442E+02
    0.97011E+00    0.11884E+02
    0.98971E+00    0.11350E+02
    0.10097E+01    0.10839E+02
    0.10301E+01    0.10350E+02
    0.10509E+01    0.98824E+01
    0.10721E+01    0.94350E+01
    0.10938E+01    0.90071E+01
    0.11159E+01    0.85978E+01
    0.11384E+01    0.82065E+01
    0.11614E+01    0.78323E+01
    0.11849E+01    0.74745E+01
    0.12088E+01    0.71326E+01
    0.12333E+01    0.68057E+01
    0.12582E+01    0.64933E+01
    0.12836E+01    0.61947E+01
    0.13095E+01    0.59094E+01
    0.13360E+01    0.56369E+01
    0.13630E+01    0.53765E+01
    0.13905E+01    0.51277E+01
    0.14186E+01    0.48901E+01
    0.14472E+01    0.46632E+01
    0.14765E+01    0.44464E+01
    0.15063E+01    0.42395E+01
    0.15367E+01    0.40419E+01
    0.15678E+01    0.38532E+01
    0.15994E+01    0.36730E+01
    0.16318E+01    0.35011E+01
    0.16647E+01    0.33369E+01
    0.16984E+01    0.31803E+01
    0.17327E+01    0.30308E+01
    0.17677E+01    0.28881E+01
    0.18034E+01    0.27519E+01
    0.18398E+01    0.26220E+01
    0.18770E+01    0.24981E+01
    0.19149E+01    0.23799E+01
    0.19536E+01    0.22671E+01
    0.19930E+01    0.21595E+01
    0.20333E+01    0.20569E+01
    0.20744E+01    0.19590E+01
    0.21163E+01    0.18657E+01
    0.21590E+01    0.17767E+01
    0.22026E+01    0.16919E+01
    0.22471E+01    0.16110E+01
    0.22925E+01    0.15339E+01
    0.23388E+01    0.14604E+01
    0.23861E+01    0.13903E+01
    0.24343E+01    0.13236E+01
    0.24835E+01    0.12599E+01
    0.25336E+01    0.11993E+01
    0.25848E+01    0.11415E+01
    0.26370E+01    0.10864E+01
    0.26903E+01    0.10339E+01
    0.27447E+01    0.98390E+00
    0.28001E+01    0.93627E+00
    0.28567E+01    0.89090E+00
    0.29144E+01    0.84768E+00
    0.29733E+01    0.80651E+00
    0.30333E+01    0.76730E+00
    0.30946E+01    0.72996E+00
    0.31571E+01    0.69440E+00
    0.32209E+01    0.66053E+00
    0.32860E+01    0.62829E+00
    0.33523E+01    0.59759E+00
    0.34201E+01    0.56836E+00
    0.34892E+01    0.54053E+00
    0.35596E+01    0.51404E+00
    0.36316E+01    0.48882E+00
    0.37049E+01    0.46482E+00
    0.37798E+01    0.44197E+00
    0.38561E+01    0.42023E+00
    0.39340E+01    0.39954E+00
    0.40135E+01    0.37985E+00
    0.40946E+01    0.36111E+00
    0.41773E+01    0.34328E+00
    0.42617E+01    0.32631E+00
    0.43478E+01    0.31017E+00
    0.44356E+01    0.29482E+00
    0.45252E+01    0.28021E+00
    0.46166E+01    0.26631E+00
    0.47099E+01    0.25309E+00
    0.48050E+01    0.24052E+00
    0.49021E+01    0.22856E+00
    0.50011E+01    0.21719E+00
    0.51021E+01    0.20637E+00
    0.52052E+01    0.19608E+00
    0.53104E+01    0.18630E+00
    0.54176E+01    0.17700E+00
    0.55271E+01    0.16816E+00
    0.56387E+01    0.15975E+00
    0.57526E+01    0.15176E+00
    0.58689E+01    0.14416E+00
    0.59874E+01    0.13693E+00
    0.61084E+01    0.13006E+00
    0.62318E+01    0.12353E+00
    0.63577E+01    0.11733E+00
    0.64861E+01    0.11143E+00
    0.66171E+01    0.10582E+00
    0.67508E+01    0.10049E+00
    0.68872E+01    0.95430E-01
    0.70263E+01    0.90618E-01
    0.71682E+01    0.86046E-01
    0.73130E+01    0.81702E-01
    0.74608E+01    0.77574E-01
    0.76115E+01    0.73652E-01
    0.77653E+01    0.69926E-01
    0.79221E+01    0.66386E-01
    0.80822E+01    0.63023E-01
    0.82454E+01    0.59828E-01
    0.84120E+01    0.56793E-01
    0.85819E+01    0.53910E-01
    0.87553E+01    0.51171E-01
    0.89322E+01    0.48569E-01
    0.91126E+01    0.46098E-01
    0.92967E+01    0.43751E-01
    0.94845E+01    0.41521E-01
    0.96761E+01    0.39404E-01
    0.98716E+01    0.37393E-01
    0.10071E+02    0.35483E-01
    0.10274E+02    0.33670E-01
    0.10482E+02    0.31949E-01
    0.10694E+02    0.30315E-01
    0.10910E+02    0.28764E-01
    0.11130E+02    0.27292E-01
    0.11355E+02    0.25895E-01
    0.11584E+02    0.24569E-01
