#           k/h    P           
    0.10000E-03    0.92542E+02
    0.10202E-03    0.94335E+02
    0.10408E-03    0.96163E+02
    0.10618E-03    0.98027E+02
    0.10833E-03    0.99926E+02
    0.11052E-03    0.10186E+03
    0.11275E-03    0.10384E+03
    0.11503E-03    0.10585E+03
    0.11735E-03    0.10790E+03
    0.11972E-03    0.10999E+03
    0.12214E-03    0.11212E+03
    0.12461E-03    0.11429E+03
    0.12712E-03    0.11651E+03
    0.12969E-03    0.11877E+03
    0.13231E-03    0.12107E+03
    0.13499E-03    0.12341E+03
    0.13771E-03    0.12580E+03
    0.14049E-03    0.12824E+03
    0.14333E-03    0.13072E+03
    0.14623E-03    0.13326E+03
    0.14918E-03    0.13584E+03
    0.15220E-03    0.13847E+03
    0.15527E-03    0.14115E+03
    0.15841E-03    0.14388E+03
    0.16161E-03    0.14667E+03
    0.16487E-03    0.14951E+03
    0.16820E-03    0.15241E+03
    0.17160E-03    0.15536E+03
    0.17507E-03    0.15837E+03
    0.17860E-03    0.16143E+03
    0.18221E-03    0.16456E+03
    0.18589E-03    0.16774E+03
    0.18965E-03    0.17099E+03
    0.19348E-03    0.17430E+03
    0.19739E-03    0.17768E+03
    0.20138E-03    0.18112E+03
    0.20544E-03    0.18462E+03
    0.20959E-03    0.18819E+03
    0.21383E-03    0.19184E+03
    0.21815E-03    0.19555E+03
    0.22255E-03    0.19933E+03
    0.22705E-03    0.20319E+03
    0.23164E-03    0.20712E+03
    0.23632E-03    0.21113E+03
    0.24109E-03    0.21521E+03
    0.24596E-03    0.21938E+03
    0.25093E-03    0.22362E+03
    0.25600E-03    0.22794E+03
    0.26117E-03    0.23235E+03
    0.26645E-03    0.23684E+03
    0.27183E-03    0.24142E+03
    0.27732E-03    0.24609E+03
    0.28292E-03    0.25085E+03
    0.28864E-03    0.25570E+03
    0.29447E-03    0.26064E+03
    0.30042E-03    0.26567E+03
    0.30649E-03    0.27081E+03
    0.31268E-03    0.27604E+03
    0.31899E-03    0.28137E+03
    0.32544E-03    0.28680E+03
    0.33201E-03    0.29234E+03
    0.33872E-03    0.29798E+03
    0.34556E-03    0.30373E+03
    0.35254E-03    0.30959E+03
    0.35966E-03    0.31557E+03
    0.36693E-03    0.32165E+03
    0.37434E-03    0.32786E+03
    0.38190E-03    0.33418E+03
    0.38962E-03    0.34062E+03
    0.39749E-03    0.34718E+03
    0.40552E-03    0.35387E+03
    0.41371E-03    0.36069E+03
    0.42207E-03    0.36763E+03
    0.43060E-03    0.37471E+03
    0.43929E-03    0.38192E+03
    0.44817E-03    0.38927E+03
    0.45722E-03    0.39676E+03
    0.46646E-03    0.40439E+03
    0.47588E-03    0.41216E+03
    0.48550E-03    0.42008E+03
    0.49530E-03    0.42815E+03
    0.50531E-03    0.43637E+03
    0.51552E-03    0.44475E+03
    0.52593E-03    0.45328E+03
    0.53656E-03    0.46197E+03
    0.54739E-03    0.47083E+03
    0.55845E-03    0.47985E+03
    0.56973E-03    0.48904E+03
    0.58124E-03    0.49840E+03
    0.59299E-03    0.50794E+03
    0.60496E-03    0.51765E+03
    0.61719E-03    0.52755E+03
    0.62965E-03    0.53763E+03
    0.64237E-03    0.54789E+03
    0.65535E-03    0.55834E+03
    0.66859E-03    0.56899E+03
    0.68210E-03    0.57983E+03
    0.69588E-03    0.59088E+03
    0.70993E-03    0.60212E+03
    0.72427E-03    0.61357E+03
    0.73891E-03    0.62523E+03
    0.75383E-03    0.63710E+03
    0.76906E-03    0.64919E+03
    0.78460E-03    0.66150E+03
    0.80045E-03    0.67403E+03
    0.81662E-03    0.68679E+03
    0.83311E-03    0.69978E+03
    0.84994E-03    0.71300E+03
    0.86711E-03    0.72647E+03
    0.88463E-03    0.74017E+03
    0.90250E-03    0.75411E+03
    0.92073E-03    0.76831E+03
    0.93933E-03    0.78275E+03
    0.95831E-03    0.79746E+03
    0.97767E-03    0.81242E+03
    0.99742E-03    0.82765E+03
    0.10176E-02    0.84314E+03
    0.10381E-02    0.85890E+03
    0.10591E-02    0.87494E+03
    0.10805E-02    0.89126E+03
    0.11023E-02    0.90787E+03
    0.11246E-02    0.92476E+03
    0.11473E-02    0.94194E+03
    0.11705E-02    0.95942E+03
    0.11941E-02    0.97719E+03
    0.12182E-02    0.99527E+03
    0.12429E-02    0.10137E+04
    0.12680E-02    0.10323E+04
    0.12936E-02    0.10514E+04
    0.13197E-02    0.10707E+04
    0.13464E-02    0.10903E+04
    0.13736E-02    0.11103E+04
    0.14013E-02    0.11306E+04
    0.14296E-02    0.11513E+04
    0.14585E-02    0.11722E+04
    0.14880E-02    0.11936E+04
    0.15180E-02    0.12152E+04
    0.15487E-02    0.12373E+04
    0.15800E-02    0.12596E+04
    0.16119E-02    0.12824E+04
    0.16445E-02    0.13054E+04
    0.16777E-02    0.13289E+04
    0.17116E-02    0.13527E+04
    0.17462E-02    0.13769E+04
    0.17814E-02    0.14015E+04
    0.18174E-02    0.14264E+04
    0.18541E-02    0.14517E+04
    0.18916E-02    0.14774E+04
    0.19298E-02    0.15035E+04
    0.19688E-02    0.15300E+04
    0.20086E-02    0.15569E+04
    0.20491E-02    0.15842E+04
    0.20905E-02    0.16118E+04
    0.21328E-02    0.16399E+04
    0.21758E-02    0.16683E+04
    0.22198E-02    0.16972E+04
    0.22646E-02    0.17265E+04
    0.23104E-02    0.17562E+04
    0.23571E-02    0.17862E+04
    0.24047E-02    0.18167E+04
    0.24533E-02    0.18476E+04
    0.25028E-02    0.18789E+04
    0.25534E-02    0.19107E+04
    0.26050E-02    0.19428E+04
    0.26576E-02    0.19754E+04
    0.27113E-02    0.20083E+04
    0.27660E-02    0.20417E+04
    0.28219E-02    0.20755E+04
    0.28789E-02    0.21097E+04
    0.29371E-02    0.21443E+04
    0.29964E-02    0.21793E+04
    0.30569E-02    0.22147E+04
    0.31187E-02    0.22505E+04
    0.31817E-02    0.22867E+04
    0.32460E-02    0.23233E+04
    0.33115E-02    0.23604E+04
    0.33784E-02    0.23978E+04
    0.34467E-02    0.24356E+04
    0.35163E-02    0.24737E+04
    0.35874E-02    0.25123E+04
    0.36598E-02    0.25512E+04
    0.37338E-02    0.25905E+04
    0.38092E-02    0.26302E+04
    0.38861E-02    0.26702E+04
    0.39646E-02    0.27105E+04
    0.40447E-02    0.27512E+04
    0.41264E-02    0.27923E+04
    0.42098E-02    0.28336E+04
    0.42948E-02    0.28753E+04
    0.43816E-02    0.29173E+04
    0.44701E-02    0.29596E+04
    0.45604E-02    0.30022E+04
    0.46525E-02    0.30450E+04
    0.47465E-02    0.30881E+04
    0.48424E-02    0.31315E+04
    0.49402E-02    0.31751E+04
    0.50400E-02    0.32189E+04
    0.51419E-02    0.32629E+04
    0.52457E-02    0.33072E+04
    0.53517E-02    0.33516E+04
    0.54598E-02    0.33961E+04
    0.55701E-02    0.34408E+04
    0.56826E-02    0.34857E+04
    0.57974E-02    0.35306E+04
    0.59145E-02    0.35756E+04
    0.60340E-02    0.36208E+04
    0.61559E-02    0.36660E+04
    0.62803E-02    0.37111E+04
    0.64072E-02    0.37563E+04
    0.65366E-02    0.38014E+04
    0.66686E-02    0.38465E+04
    0.68033E-02    0.38915E+04
    0.69408E-02    0.39363E+04
    0.70810E-02    0.39811E+04
    0.72240E-02    0.40257E+04
    0.73700E-02    0.40701E+04
    0.75189E-02    0.41143E+04
    0.76708E-02    0.41582E+04
    0.78257E-02    0.42017E+04
    0.79838E-02    0.42450E+04
    0.81451E-02    0.42879E+04
    0.83096E-02    0.43305E+04
    0.84775E-02    0.43726E+04
    0.86488E-02    0.44143E+04
    0.88235E-02    0.44554E+04
    0.90017E-02    0.44961E+04
    0.91836E-02    0.45361E+04
    0.93691E-02    0.45755E+04
    0.95583E-02    0.46143E+04
    0.97514E-02    0.46524E+04
    0.99484E-02    0.46897E+04
    0.10149E-01    0.47261E+04
    0.10354E-01    0.47618E+04
    0.10564E-01    0.47965E+04
    0.10777E-01    0.48303E+04
    0.10995E-01    0.48631E+04
    0.11217E-01    0.48948E+04
    0.11443E-01    0.49254E+04
    0.11675E-01    0.49549E+04
    0.11910E-01    0.49832E+04
    0.12151E-01    0.50103E+04
    0.12397E-01    0.50360E+04
    0.12647E-01    0.50603E+04
    0.12902E-01    0.50833E+04
    0.13163E-01    0.51047E+04
    0.13429E-01    0.51246E+04
    0.13700E-01    0.51430E+04
    0.13977E-01    0.51597E+04
    0.14259E-01    0.51747E+04
    0.14547E-01    0.51879E+04
    0.14841E-01    0.51993E+04
    0.15141E-01    0.52089E+04
    0.15447E-01    0.52165E+04
    0.15759E-01    0.52222E+04
    0.16077E-01    0.52258E+04
    0.16402E-01    0.52274E+04
    0.16734E-01    0.52268E+04
    0.17072E-01    0.52241E+04
    0.17416E-01    0.52191E+04
    0.17768E-01    0.52120E+04
    0.18127E-01    0.52025E+04
    0.18493E-01    0.51907E+04
    0.18867E-01    0.51765E+04
    0.19248E-01    0.51599E+04
    0.19637E-01    0.51410E+04
    0.20034E-01    0.51196E+04
    0.20438E-01    0.50957E+04
    0.20851E-01    0.50694E+04
    0.21272E-01    0.50406E+04
    0.21702E-01    0.50094E+04
    0.22141E-01    0.49757E+04
    0.22588E-01    0.49396E+04
    0.23044E-01    0.49011E+04
    0.23510E-01    0.48602E+04
    0.23985E-01    0.48169E+04
    0.24469E-01    0.47714E+04
    0.24964E-01    0.47236E+04
    0.25468E-01    0.46736E+04
    0.25982E-01    0.46215E+04
    0.26507E-01    0.45674E+04
    0.27043E-01    0.45113E+04
    0.27589E-01    0.44534E+04
    0.28146E-01    0.43938E+04
    0.28715E-01    0.43326E+04
    0.29295E-01    0.42699E+04
    0.29887E-01    0.42059E+04
    0.30490E-01    0.41407E+04
    0.31106E-01    0.40744E+04
    0.31735E-01    0.40072E+04
    0.32376E-01    0.39394E+04
    0.33030E-01    0.38710E+04
    0.33697E-01    0.38023E+04
    0.34378E-01    0.37334E+04
    0.35072E-01    0.36645E+04
    0.35781E-01    0.35958E+04
    0.36504E-01    0.35276E+04
    0.37241E-01    0.34597E+04
    0.37993E-01    0.33921E+04
    0.38761E-01    0.33252E+04
    0.39544E-01    0.32593E+04
    0.40343E-01    0.31947E+04
    0.41158E-01    0.31316E+04
    0.41989E-01    0.30702E+04
    0.42838E-01    0.30106E+04
    0.43703E-01    0.29530E+04
    0.44586E-01    0.28975E+04
    0.45486E-01    0.28441E+04
    0.46405E-01    0.27929E+04
    0.47343E-01    0.27438E+04
    0.48299E-01    0.26969E+04
    0.49275E-01    0.26520E+04
    0.50270E-01    0.26091E+04
    0.51286E-01    0.25681E+04
    0.52322E-01    0.25288E+04
    0.53379E-01    0.24910E+04
    0.54457E-01    0.24547E+04
    0.55557E-01    0.24197E+04
    0.56680E-01    0.23856E+04
    0.57825E-01    0.23522E+04
    0.58993E-01    0.23204E+04
    0.60184E-01    0.22905E+04
    0.61400E-01    0.22607E+04
    0.62641E-01    0.22299E+04
    0.63906E-01    0.21982E+04
    0.65197E-01    0.21661E+04
    0.66514E-01    0.21332E+04
    0.67858E-01    0.20990E+04
    0.69229E-01    0.20630E+04
    0.70627E-01    0.20251E+04
    0.72054E-01    0.19850E+04
    0.73510E-01    0.19425E+04
    0.74994E-01    0.18976E+04
    0.76509E-01    0.18503E+04
    0.78055E-01    0.18008E+04
    0.79632E-01    0.17494E+04
    0.81241E-01    0.16965E+04
    0.82882E-01    0.16424E+04
    0.84556E-01    0.15876E+04
    0.86264E-01    0.15326E+04
    0.88007E-01    0.14780E+04
    0.89785E-01    0.14242E+04
    0.91598E-01    0.13717E+04
    0.93449E-01    0.13209E+04
    0.95337E-01    0.12722E+04
    0.97263E-01    0.12261E+04
    0.99227E-01    0.11828E+04
    0.10123E+00    0.11428E+04
    0.10328E+00    0.11061E+04
    0.10536E+00    0.10729E+04
    0.10749E+00    0.10433E+04
    0.10966E+00    0.10170E+04
    0.11188E+00    0.99378E+03
    0.11414E+00    0.97320E+03
    0.11644E+00    0.95472E+03
    0.11880E+00    0.93774E+03
    0.12120E+00    0.92154E+03
    0.12365E+00    0.90540E+03
    0.12614E+00    0.88856E+03
    0.12869E+00    0.87036E+03
    0.13129E+00    0.85023E+03
    0.13394E+00    0.82783E+03
    0.13665E+00    0.80306E+03
    0.13941E+00    0.77611E+03
    0.14223E+00    0.74739E+03
    0.14510E+00    0.71748E+03
    0.14803E+00    0.68703E+03
    0.15102E+00    0.65672E+03
    0.15407E+00    0.62722E+03
    0.15718E+00    0.59921E+03
    0.16036E+00    0.57334E+03
    0.16360E+00    0.55014E+03
    0.16690E+00    0.52992E+03
    0.17028E+00    0.51268E+03
    0.17371E+00    0.49810E+03
    0.17722E+00    0.48561E+03
    0.18080E+00    0.47450E+03
    0.18446E+00    0.46405E+03
    0.18818E+00    0.45356E+03
    0.19198E+00    0.44242E+03
    0.19586E+00    0.43009E+03
    0.19982E+00    0.41626E+03
    0.20386E+00    0.40093E+03
    0.20797E+00    0.38444E+03
    0.21218E+00    0.36738E+03
    0.21646E+00    0.35045E+03
    0.22083E+00    0.33430E+03
    0.22530E+00    0.31949E+03
    0.22985E+00    0.30642E+03
    0.23449E+00    0.29519E+03
    0.23923E+00    0.28564E+03
    0.24406E+00    0.27733E+03
    0.24899E+00    0.26965E+03
    0.25402E+00    0.26202E+03
    0.25915E+00    0.25395E+03
    0.26439E+00    0.24518E+03
    0.26973E+00    0.23568E+03
    0.27518E+00    0.22568E+03
    0.28074E+00    0.21562E+03
    0.28641E+00    0.20596E+03
    0.29219E+00    0.19712E+03
    0.29810E+00    0.18925E+03
    0.30412E+00    0.18235E+03
    0.31026E+00    0.17616E+03
    0.31653E+00    0.17034E+03
    0.32292E+00    0.16455E+03
    0.32945E+00    0.15852E+03
    0.33610E+00    0.15222E+03
    0.34289E+00    0.14577E+03
    0.34982E+00    0.13943E+03
    0.35689E+00    0.13348E+03
    0.36409E+00    0.12804E+03
    0.37145E+00    0.12310E+03
    0.37895E+00    0.11853E+03
    0.38661E+00    0.11412E+03
    0.39442E+00    0.10974E+03
    0.40239E+00    0.10530E+03
    0.41052E+00    0.10088E+03
    0.41881E+00    0.96581E+02
    0.42727E+00    0.92529E+02
    0.43590E+00    0.88776E+02
    0.44471E+00    0.85254E+02
    0.45369E+00    0.81879E+02
    0.46286E+00    0.78572E+02
    0.47221E+00    0.75302E+02
    0.48174E+00    0.72120E+02
    0.49148E+00    0.69075E+02
    0.50141E+00    0.66193E+02
    0.51153E+00    0.63469E+02
    0.52187E+00    0.60853E+02
    0.53241E+00    0.58314E+02
    0.54317E+00    0.55851E+02
    0.55414E+00    0.53473E+02
    0.56533E+00    0.51203E+02
    0.57675E+00    0.49043E+02
    0.58840E+00    0.46971E+02
    0.60029E+00    0.44975E+02
    0.61242E+00    0.43051E+02
    0.62479E+00    0.41202E+02
    0.63741E+00    0.39432E+02
    0.65029E+00    0.37740E+02
    0.66342E+00    0.36118E+02
    0.67683E+00    0.34561E+02
    0.69050E+00    0.33066E+02
    0.70445E+00    0.31632E+02
    0.71868E+00    0.30256E+02
    0.73320E+00    0.28936E+02
    0.74801E+00    0.27671E+02
    0.76312E+00    0.26458E+02
    0.77854E+00    0.25296E+02
    0.79426E+00    0.24182E+02
    0.81031E+00    0.23115E+02
    0.82668E+00    0.22094E+02
    0.84338E+00    0.21115E+02
    0.86041E+00    0.20179E+02
    0.87780E+00    0.19282E+02
    0.89553E+00    0.18423E+02
    0.91362E+00    0.17602E+02
    0.93208E+00    0.16815E+02
    0.95091E+00    0.16062E+02
    0.97011E+00    0.15342E+02
    0.98971E+00    0.14652E+02
    0.10097E+01    0.13993E+02
    0.10301E+01    0.13361E+02
    0.10509E+01    0.12758E+02
    0.10721E+01    0.12180E+02
    0.10938E+01    0.11628E+02
    0.11159E+01    0.11099E+02
    0.11384E+01    0.10594E+02
    0.11614E+01    0.10111E+02
    0.11849E+01    0.96492E+01
    0.12088E+01    0.92077E+01
    0.12333E+01    0.87858E+01
    0.12582E+01    0.83825E+01
    0.12836E+01    0.79971E+01
    0.13095E+01    0.76288E+01
    0.13360E+01    0.72769E+01
    0.13630E+01    0.69408E+01
    0.13905E+01    0.66196E+01
    0.14186E+01    0.63129E+01
    0.14472E+01    0.60199E+01
    0.14765E+01    0.57401E+01
    0.15063E+01    0.54729E+01
    0.15367E+01    0.52178E+01
    0.15678E+01    0.49742E+01
    0.15994E+01    0.47417E+01
    0.16318E+01    0.45197E+01
    0.16647E+01    0.43078E+01
    0.16984E+01    0.41056E+01
    0.17327E+01    0.39125E+01
    0.17677E+01    0.37283E+01
    0.18034E+01    0.35526E+01
    0.18398E+01    0.33849E+01
    0.18770E+01    0.32249E+01
    0.19149E+01    0.30723E+01
    0.19536E+01    0.29267E+01
    0.19930E+01    0.27878E+01
    0.20333E+01    0.26553E+01
    0.20744E+01    0.25290E+01
    0.21163E+01    0.24086E+01
    0.21590E+01    0.22937E+01
    0.22026E+01    0.21842E+01
    0.22471E+01    0.20797E+01
    0.22925E+01    0.19802E+01
    0.23388E+01    0.18853E+01
    0.23861E+01    0.17949E+01
    0.24343E+01    0.17086E+01
    0.24835E+01    0.16265E+01
    0.25336E+01    0.15482E+01
    0.25848E+01    0.14736E+01
    0.26370E+01    0.14025E+01
    0.26903E+01    0.13347E+01
    0.27447E+01    0.12702E+01
    0.28001E+01    0.12087E+01
    0.28567E+01    0.11501E+01
    0.29144E+01    0.10943E+01
    0.29733E+01    0.10412E+01
    0.30333E+01    0.99054E+00
    0.30946E+01    0.94234E+00
    0.31571E+01    0.89643E+00
    0.32209E+01    0.85271E+00
    0.32860E+01    0.81109E+00
    0.33523E+01    0.77145E+00
    0.34201E+01    0.73372E+00
    0.34892E+01    0.69779E+00
    0.35596E+01    0.66360E+00
    0.36316E+01    0.63104E+00
    0.37049E+01    0.60006E+00
    0.37798E+01    0.57056E+00
    0.38561E+01    0.54249E+00
    0.39340E+01    0.51578E+00
    0.40135E+01    0.49036E+00
    0.40946E+01    0.46617E+00
    0.41773E+01    0.44315E+00
    0.42617E+01    0.42125E+00
    0.43478E+01    0.40041E+00
    0.44356E+01    0.38059E+00
    0.45252E+01    0.36173E+00
    0.46166E+01    0.34379E+00
    0.47099E+01    0.32673E+00
    0.48050E+01    0.31050E+00
    0.49021E+01    0.29506E+00
    0.50011E+01    0.28038E+00
    0.51021E+01    0.26641E+00
    0.52052E+01    0.25313E+00
    0.53104E+01    0.24051E+00
    0.54176E+01    0.22850E+00
    0.55271E+01    0.21708E+00
    0.56387E+01    0.20623E+00
    0.57526E+01    0.19591E+00
    0.58689E+01    0.18610E+00
    0.59874E+01    0.17677E+00
    0.61084E+01    0.16790E+00
    0.62318E+01    0.15947E+00
    0.63577E+01    0.15146E+00
    0.64861E+01    0.14385E+00
    0.66171E+01    0.13661E+00
    0.67508E+01    0.12973E+00
    0.68872E+01    0.12319E+00
    0.70263E+01    0.11698E+00
    0.71682E+01    0.11108E+00
    0.73130E+01    0.10547E+00
    0.74608E+01    0.10014E+00
    0.76115E+01    0.95081E-01
    0.77653E+01    0.90270E-01
    0.79221E+01    0.85701E-01
    0.80822E+01    0.81359E-01
    0.82454E+01    0.77235E-01
    0.84120E+01    0.73317E-01
    0.85819E+01    0.69595E-01
    0.87553E+01    0.66059E-01
    0.89322E+01    0.62700E-01
    0.91126E+01    0.59510E-01
    0.92967E+01    0.56480E-01
    0.94845E+01    0.53602E-01
    0.96761E+01    0.50868E-01
    0.98716E+01    0.48272E-01
    0.10071E+02    0.45807E-01
    0.10274E+02    0.43466E-01
    0.10482E+02    0.41244E-01
    0.10694E+02    0.39135E-01
    0.10910E+02    0.37133E-01
    0.11130E+02    0.35232E-01
    0.11355E+02    0.33429E-01
    0.11584E+02    0.31718E-01
