#           k/h    P           
    0.10000E-03    0.29856E+03
    0.10202E-03    0.30435E+03
    0.10408E-03    0.31024E+03
    0.10618E-03    0.31625E+03
    0.10833E-03    0.32238E+03
    0.11052E-03    0.32862E+03
    0.11275E-03    0.33499E+03
    0.11503E-03    0.34147E+03
    0.11735E-03    0.34809E+03
    0.11972E-03    0.35483E+03
    0.12214E-03    0.36170E+03
    0.12461E-03    0.36870E+03
    0.12712E-03    0.37584E+03
    0.12969E-03    0.38312E+03
    0.13231E-03    0.39053E+03
    0.13499E-03    0.39809E+03
    0.13771E-03    0.40580E+03
    0.14049E-03    0.41365E+03
    0.14333E-03    0.42166E+03
    0.14623E-03    0.42982E+03
    0.14918E-03    0.43814E+03
    0.15220E-03    0.44662E+03
    0.15527E-03    0.45526E+03
    0.15841E-03    0.46407E+03
    0.16161E-03    0.47305E+03
    0.16487E-03    0.48220E+03
    0.16820E-03    0.49153E+03
    0.17160E-03    0.50104E+03
    0.17507E-03    0.51073E+03
    0.17860E-03    0.52061E+03
    0.18221E-03    0.53068E+03
    0.18589E-03    0.54094E+03
    0.18965E-03    0.55140E+03
    0.19348E-03    0.56206E+03
    0.19739E-03    0.57293E+03
    0.20138E-03    0.58401E+03
    0.20544E-03    0.59529E+03
    0.20959E-03    0.60680E+03
    0.21383E-03    0.61853E+03
    0.21815E-03    0.63048E+03
    0.22255E-03    0.64266E+03
    0.22705E-03    0.65508E+03
    0.23164E-03    0.66773E+03
    0.23632E-03    0.68063E+03
    0.24109E-03    0.69377E+03
    0.24596E-03    0.70717E+03
    0.25093E-03    0.72082E+03
    0.25600E-03    0.73474E+03
    0.26117E-03    0.74892E+03
    0.26645E-03    0.76338E+03
    0.27183E-03    0.77811E+03
    0.27732E-03    0.79312E+03
    0.28292E-03    0.80842E+03
    0.28864E-03    0.82402E+03
    0.29447E-03    0.83991E+03
    0.30042E-03    0.85611E+03
    0.30649E-03    0.87261E+03
    0.31268E-03    0.88943E+03
    0.31899E-03    0.90657E+03
    0.32544E-03    0.92404E+03
    0.33201E-03    0.94185E+03
    0.33872E-03    0.95999E+03
    0.34556E-03    0.97848E+03
    0.35254E-03    0.99732E+03
    0.35966E-03    0.10165E+04
    0.36693E-03    0.10361E+04
    0.37434E-03    0.10560E+04
    0.38190E-03    0.10763E+04
    0.38962E-03    0.10970E+04
    0.39749E-03    0.11181E+04
    0.40552E-03    0.11396E+04
    0.41371E-03    0.11615E+04
    0.42207E-03    0.11839E+04
    0.43060E-03    0.12066E+04
    0.43929E-03    0.12298E+04
    0.44817E-03    0.12534E+04
    0.45722E-03    0.12775E+04
    0.46646E-03    0.13020E+04
    0.47588E-03    0.13270E+04
    0.48550E-03    0.13524E+04
    0.49530E-03    0.13783E+04
    0.50531E-03    0.14048E+04
    0.51552E-03    0.14317E+04
    0.52593E-03    0.14591E+04
    0.53656E-03    0.14870E+04
    0.54739E-03    0.15155E+04
    0.55845E-03    0.15445E+04
    0.56973E-03    0.15740E+04
    0.58124E-03    0.16041E+04
    0.59299E-03    0.16348E+04
    0.60496E-03    0.16660E+04
    0.61719E-03    0.16978E+04
    0.62965E-03    0.17302E+04
    0.64237E-03    0.17632E+04
    0.65535E-03    0.17969E+04
    0.66859E-03    0.18311E+04
    0.68210E-03    0.18660E+04
    0.69588E-03    0.19015E+04
    0.70993E-03    0.19377E+04
    0.72427E-03    0.19745E+04
    0.73891E-03    0.20120E+04
    0.75383E-03    0.20502E+04
    0.76906E-03    0.20891E+04
    0.78460E-03    0.21287E+04
    0.80045E-03    0.21691E+04
    0.81662E-03    0.22102E+04
    0.83311E-03    0.22520E+04
    0.84994E-03    0.22945E+04
    0.86711E-03    0.23379E+04
    0.88463E-03    0.23820E+04
    0.90250E-03    0.24269E+04
    0.92073E-03    0.24726E+04
    0.93933E-03    0.25192E+04
    0.95831E-03    0.25665E+04
    0.97767E-03    0.26148E+04
    0.99742E-03    0.26638E+04
    0.10176E-02    0.27137E+04
    0.10381E-02    0.27646E+04
    0.10591E-02    0.28163E+04
    0.10805E-02    0.28689E+04
    0.11023E-02    0.29224E+04
    0.11246E-02    0.29768E+04
    0.11473E-02    0.30322E+04
    0.11705E-02    0.30886E+04
    0.11941E-02    0.31459E+04
    0.12182E-02    0.32042E+04
    0.12429E-02    0.32635E+04
    0.12680E-02    0.33238E+04
    0.12936E-02    0.33851E+04
    0.13197E-02    0.34475E+04
    0.13464E-02    0.35109E+04
    0.13736E-02    0.35753E+04
    0.14013E-02    0.36409E+04
    0.14296E-02    0.37075E+04
    0.14585E-02    0.37752E+04
    0.14880E-02    0.38440E+04
    0.15180E-02    0.39139E+04
    0.15487E-02    0.39849E+04
    0.15800E-02    0.40571E+04
    0.16119E-02    0.41305E+04
    0.16445E-02    0.42050E+04
    0.16777E-02    0.42807E+04
    0.17116E-02    0.43575E+04
    0.17462E-02    0.44356E+04
    0.17814E-02    0.45149E+04
    0.18174E-02    0.45954E+04
    0.18541E-02    0.46771E+04
    0.18916E-02    0.47600E+04
    0.19298E-02    0.48442E+04
    0.19688E-02    0.49297E+04
    0.20086E-02    0.50164E+04
    0.20491E-02    0.51044E+04
    0.20905E-02    0.51936E+04
    0.21328E-02    0.52842E+04
    0.21758E-02    0.53760E+04
    0.22198E-02    0.54692E+04
    0.22646E-02    0.55636E+04
    0.23104E-02    0.56594E+04
    0.23571E-02    0.57564E+04
    0.24047E-02    0.58548E+04
    0.24533E-02    0.59545E+04
    0.25028E-02    0.60555E+04
    0.25534E-02    0.61579E+04
    0.26050E-02    0.62615E+04
    0.26576E-02    0.63665E+04
    0.27113E-02    0.64729E+04
    0.27660E-02    0.65805E+04
    0.28219E-02    0.66895E+04
    0.28789E-02    0.67998E+04
    0.29371E-02    0.69114E+04
    0.29964E-02    0.70243E+04
    0.30569E-02    0.71385E+04
    0.31187E-02    0.72541E+04
    0.31817E-02    0.73709E+04
    0.32460E-02    0.74890E+04
    0.33115E-02    0.76084E+04
    0.33784E-02    0.77290E+04
    0.34467E-02    0.78509E+04
    0.35163E-02    0.79740E+04
    0.35874E-02    0.80983E+04
    0.36598E-02    0.82238E+04
    0.37338E-02    0.83505E+04
    0.38092E-02    0.84784E+04
    0.38861E-02    0.86074E+04
    0.39646E-02    0.87375E+04
    0.40447E-02    0.88688E+04
    0.41264E-02    0.90011E+04
    0.42098E-02    0.91345E+04
    0.42948E-02    0.92688E+04
    0.43816E-02    0.94042E+04
    0.44701E-02    0.95405E+04
    0.45604E-02    0.96777E+04
    0.46525E-02    0.98158E+04
    0.47465E-02    0.99548E+04
    0.48424E-02    0.10095E+05
    0.49402E-02    0.10235E+05
    0.50400E-02    0.10376E+05
    0.51419E-02    0.10518E+05
    0.52457E-02    0.10661E+05
    0.53517E-02    0.10804E+05
    0.54598E-02    0.10947E+05
    0.55701E-02    0.11091E+05
    0.56826E-02    0.11236E+05
    0.57974E-02    0.11381E+05
    0.59145E-02    0.11526E+05
    0.60340E-02    0.11671E+05
    0.61559E-02    0.11817E+05
    0.62803E-02    0.11962E+05
    0.64072E-02    0.12108E+05
    0.65366E-02    0.12253E+05
    0.66686E-02    0.12398E+05
    0.68033E-02    0.12543E+05
    0.69408E-02    0.12688E+05
    0.70810E-02    0.12832E+05
    0.72240E-02    0.12976E+05
    0.73700E-02    0.13119E+05
    0.75189E-02    0.13261E+05
    0.76708E-02    0.13402E+05
    0.78257E-02    0.13543E+05
    0.79838E-02    0.13682E+05
    0.81451E-02    0.13820E+05
    0.83096E-02    0.13957E+05
    0.84775E-02    0.14093E+05
    0.86488E-02    0.14227E+05
    0.88235E-02    0.14359E+05
    0.90017E-02    0.14490E+05
    0.91836E-02    0.14619E+05
    0.93691E-02    0.14746E+05
    0.95583E-02    0.14871E+05
    0.97514E-02    0.14993E+05
    0.99484E-02    0.15113E+05
    0.10149E-01    0.15230E+05
    0.10354E-01    0.15345E+05
    0.10564E-01    0.15457E+05
    0.10777E-01    0.15565E+05
    0.10995E-01    0.15671E+05
    0.11217E-01    0.15773E+05
    0.11443E-01    0.15871E+05
    0.11675E-01    0.15966E+05
    0.11910E-01    0.16057E+05
    0.12151E-01    0.16144E+05
    0.12397E-01    0.16226E+05
    0.12647E-01    0.16304E+05
    0.12902E-01    0.16378E+05
    0.13163E-01    0.16447E+05
    0.13429E-01    0.16511E+05
    0.13700E-01    0.16570E+05
    0.13977E-01    0.16623E+05
    0.14259E-01    0.16671E+05
    0.14547E-01    0.16713E+05
    0.14841E-01    0.16750E+05
    0.15141E-01    0.16780E+05
    0.15447E-01    0.16805E+05
    0.15759E-01    0.16823E+05
    0.16077E-01    0.16834E+05
    0.16402E-01    0.16839E+05
    0.16734E-01    0.16836E+05
    0.17072E-01    0.16827E+05
    0.17416E-01    0.16811E+05
    0.17768E-01    0.16788E+05
    0.18127E-01    0.16757E+05
    0.18493E-01    0.16718E+05
    0.18867E-01    0.16672E+05
    0.19248E-01    0.16619E+05
    0.19637E-01    0.16557E+05
    0.20034E-01    0.16488E+05
    0.20438E-01    0.16411E+05
    0.20851E-01    0.16326E+05
    0.21272E-01    0.16233E+05
    0.21702E-01    0.16132E+05
    0.22141E-01    0.16023E+05
    0.22588E-01    0.15906E+05
    0.23044E-01    0.15782E+05
    0.23510E-01    0.15650E+05
    0.23985E-01    0.15510E+05
    0.24469E-01    0.15363E+05
    0.24964E-01    0.15209E+05
    0.25468E-01    0.15048E+05
    0.25982E-01    0.14880E+05
    0.26507E-01    0.14705E+05
    0.27043E-01    0.14524E+05
    0.27589E-01    0.14338E+05
    0.28146E-01    0.14145E+05
    0.28715E-01    0.13948E+05
    0.29295E-01    0.13746E+05
    0.29887E-01    0.13540E+05
    0.30490E-01    0.13329E+05
    0.31106E-01    0.13116E+05
    0.31735E-01    0.12899E+05
    0.32376E-01    0.12681E+05
    0.33030E-01    0.12460E+05
    0.33697E-01    0.12239E+05
    0.34378E-01    0.12017E+05
    0.35072E-01    0.11795E+05
    0.35781E-01    0.11573E+05
    0.36504E-01    0.11354E+05
    0.37241E-01    0.11135E+05
    0.37993E-01    0.10917E+05
    0.38761E-01    0.10702E+05
    0.39544E-01    0.10489E+05
    0.40343E-01    0.10281E+05
    0.41158E-01    0.10078E+05
    0.41989E-01    0.98800E+04
    0.42838E-01    0.96881E+04
    0.43703E-01    0.95026E+04
    0.44586E-01    0.93237E+04
    0.45486E-01    0.91517E+04
    0.46405E-01    0.89867E+04
    0.47343E-01    0.88287E+04
    0.48299E-01    0.86775E+04
    0.49275E-01    0.85330E+04
    0.50270E-01    0.83949E+04
    0.51286E-01    0.82628E+04
    0.52322E-01    0.81361E+04
    0.53379E-01    0.80145E+04
    0.54457E-01    0.78975E+04
    0.55557E-01    0.77847E+04
    0.56680E-01    0.76750E+04
    0.57825E-01    0.75674E+04
    0.58993E-01    0.74650E+04
    0.60184E-01    0.73685E+04
    0.61400E-01    0.72727E+04
    0.62641E-01    0.71734E+04
    0.63906E-01    0.70713E+04
    0.65197E-01    0.69679E+04
    0.66514E-01    0.68621E+04
    0.67858E-01    0.67519E+04
    0.69229E-01    0.66361E+04
    0.70627E-01    0.65140E+04
    0.72054E-01    0.63848E+04
    0.73510E-01    0.62481E+04
    0.74994E-01    0.61036E+04
    0.76509E-01    0.59514E+04
    0.78055E-01    0.57922E+04
    0.79632E-01    0.56268E+04
    0.81241E-01    0.54564E+04
    0.82882E-01    0.52823E+04
    0.84556E-01    0.51061E+04
    0.86264E-01    0.49293E+04
    0.88007E-01    0.47536E+04
    0.89785E-01    0.45805E+04
    0.91598E-01    0.44115E+04
    0.93449E-01    0.42480E+04
    0.95337E-01    0.40915E+04
    0.97263E-01    0.39430E+04
    0.99227E-01    0.38039E+04
    0.10123E+00    0.36750E+04
    0.10328E+00    0.35571E+04
    0.10536E+00    0.34505E+04
    0.10749E+00    0.33551E+04
    0.10966E+00    0.32705E+04
    0.11188E+00    0.31958E+04
    0.11414E+00    0.31296E+04
    0.11644E+00    0.30701E+04
    0.11880E+00    0.30155E+04
    0.12120E+00    0.29634E+04
    0.12365E+00    0.29114E+04
    0.12614E+00    0.28573E+04
    0.12869E+00    0.27987E+04
    0.13129E+00    0.27340E+04
    0.13394E+00    0.26619E+04
    0.13665E+00    0.25823E+04
    0.13941E+00    0.24956E+04
    0.14223E+00    0.24032E+04
    0.14510E+00    0.23070E+04
    0.14803E+00    0.22091E+04
    0.15102E+00    0.21116E+04
    0.15407E+00    0.20168E+04
    0.15718E+00    0.19267E+04
    0.16036E+00    0.18435E+04
    0.16360E+00    0.17689E+04
    0.16690E+00    0.17039E+04
    0.17028E+00    0.16484E+04
    0.17371E+00    0.16015E+04
    0.17722E+00    0.15614E+04
    0.18080E+00    0.15256E+04
    0.18446E+00    0.14920E+04
    0.18818E+00    0.14583E+04
    0.19198E+00    0.14225E+04
    0.19586E+00    0.13828E+04
    0.19982E+00    0.13384E+04
    0.20386E+00    0.12891E+04
    0.20797E+00    0.12360E+04
    0.21218E+00    0.11812E+04
    0.21646E+00    0.11267E+04
    0.22083E+00    0.10748E+04
    0.22530E+00    0.10272E+04
    0.22985E+00    0.98516E+03
    0.23449E+00    0.94905E+03
    0.23923E+00    0.91834E+03
    0.24406E+00    0.89165E+03
    0.24899E+00    0.86695E+03
    0.25402E+00    0.84241E+03
    0.25915E+00    0.81646E+03
    0.26439E+00    0.78828E+03
    0.26973E+00    0.75771E+03
    0.27518E+00    0.72558E+03
    0.28074E+00    0.69322E+03
    0.28641E+00    0.66214E+03
    0.29219E+00    0.63372E+03
    0.29810E+00    0.60844E+03
    0.30412E+00    0.58625E+03
    0.31026E+00    0.56634E+03
    0.31653E+00    0.54762E+03
    0.32292E+00    0.52902E+03
    0.32945E+00    0.50962E+03
    0.33610E+00    0.48938E+03
    0.34289E+00    0.46863E+03
    0.34982E+00    0.44826E+03
    0.35689E+00    0.42914E+03
    0.36409E+00    0.41162E+03
    0.37145E+00    0.39576E+03
    0.37895E+00    0.38105E+03
    0.38661E+00    0.36689E+03
    0.39442E+00    0.35280E+03
    0.40239E+00    0.33852E+03
    0.41052E+00    0.32430E+03
    0.41881E+00    0.31050E+03
    0.42727E+00    0.29747E+03
    0.43590E+00    0.28540E+03
    0.44471E+00    0.27408E+03
    0.45369E+00    0.26323E+03
    0.46286E+00    0.25260E+03
    0.47221E+00    0.24208E+03
    0.48174E+00    0.23185E+03
    0.49148E+00    0.22207E+03
    0.50141E+00    0.21280E+03
    0.51153E+00    0.20404E+03
    0.52187E+00    0.19563E+03
    0.53241E+00    0.18747E+03
    0.54317E+00    0.17955E+03
    0.55414E+00    0.17191E+03
    0.56533E+00    0.16461E+03
    0.57675E+00    0.15766E+03
    0.58840E+00    0.15100E+03
    0.60029E+00    0.14459E+03
    0.61242E+00    0.13840E+03
    0.62479E+00    0.13246E+03
    0.63741E+00    0.12677E+03
    0.65029E+00    0.12133E+03
    0.66342E+00    0.11611E+03
    0.67683E+00    0.11111E+03
    0.69050E+00    0.10630E+03
    0.70445E+00    0.10169E+03
    0.71868E+00    0.97266E+02
    0.73320E+00    0.93024E+02
    0.74801E+00    0.88956E+02
    0.76312E+00    0.85057E+02
    0.77854E+00    0.81320E+02
    0.79426E+00    0.77740E+02
    0.81031E+00    0.74310E+02
    0.82668E+00    0.71026E+02
    0.84338E+00    0.67881E+02
    0.86041E+00    0.64870E+02
    0.87780E+00    0.61987E+02
    0.89553E+00    0.59227E+02
    0.91362E+00    0.56585E+02
    0.93208E+00    0.54056E+02
    0.95091E+00    0.51636E+02
    0.97011E+00    0.49320E+02
    0.98971E+00    0.47104E+02
    0.10097E+01    0.44983E+02
    0.10301E+01    0.42954E+02
    0.10509E+01    0.41013E+02
    0.10721E+01    0.39156E+02
    0.10938E+01    0.37380E+02
    0.11159E+01    0.35682E+02
    0.11384E+01    0.34058E+02
    0.11614E+01    0.32505E+02
    0.11849E+01    0.31020E+02
    0.12088E+01    0.29601E+02
    0.12333E+01    0.28244E+02
    0.12582E+01    0.26948E+02
    0.12836E+01    0.25709E+02
    0.13095E+01    0.24525E+02
    0.13360E+01    0.23394E+02
    0.13630E+01    0.22313E+02
    0.13905E+01    0.21281E+02
    0.14186E+01    0.20294E+02
    0.14472E+01    0.19353E+02
    0.14765E+01    0.18453E+02
    0.15063E+01    0.17594E+02
    0.15367E+01    0.16774E+02
    0.15678E+01    0.15991E+02
    0.15994E+01    0.15243E+02
    0.16318E+01    0.14530E+02
    0.16647E+01    0.13849E+02
    0.16984E+01    0.13198E+02
    0.17327E+01    0.12578E+02
    0.17677E+01    0.11986E+02
    0.18034E+01    0.11421E+02
    0.18398E+01    0.10882E+02
    0.18770E+01    0.10367E+02
    0.19149E+01    0.98766E+01
    0.19536E+01    0.94085E+01
    0.19930E+01    0.89621E+01
    0.20333E+01    0.85362E+01
    0.20744E+01    0.81302E+01
    0.21163E+01    0.77429E+01
    0.21590E+01    0.73736E+01
    0.22026E+01    0.70216E+01
    0.22471E+01    0.66859E+01
    0.22925E+01    0.63659E+01
    0.23388E+01    0.60608E+01
    0.23861E+01    0.57700E+01
    0.24343E+01    0.54929E+01
    0.24835E+01    0.52287E+01
    0.25336E+01    0.49770E+01
    0.25848E+01    0.47371E+01
    0.26370E+01    0.45086E+01
    0.26903E+01    0.42908E+01
    0.27447E+01    0.40833E+01
    0.28001E+01    0.38856E+01
    0.28567E+01    0.36973E+01
    0.29144E+01    0.35179E+01
    0.29733E+01    0.33471E+01
    0.30333E+01    0.31843E+01
    0.30946E+01    0.30294E+01
    0.31571E+01    0.28818E+01
    0.32209E+01    0.27413E+01
    0.32860E+01    0.26074E+01
    0.33523E+01    0.24800E+01
    0.34201E+01    0.23587E+01
    0.34892E+01    0.22432E+01
    0.35596E+01    0.21333E+01
    0.36316E+01    0.20286E+01
    0.37049E+01    0.19290E+01
    0.37798E+01    0.18342E+01
    0.38561E+01    0.17440E+01
    0.39340E+01    0.16581E+01
    0.40135E+01    0.15764E+01
    0.40946E+01    0.14986E+01
    0.41773E+01    0.14246E+01
    0.42617E+01    0.13542E+01
    0.43478E+01    0.12872E+01
    0.44356E+01    0.12235E+01
    0.45252E+01    0.11629E+01
    0.46166E+01    0.11052E+01
    0.47099E+01    0.10503E+01
    0.48050E+01    0.99817E+00
    0.49021E+01    0.94854E+00
    0.50011E+01    0.90134E+00
    0.51021E+01    0.85645E+00
    0.52052E+01    0.81376E+00
    0.53104E+01    0.77317E+00
    0.54176E+01    0.73457E+00
    0.55271E+01    0.69787E+00
    0.56387E+01    0.66297E+00
    0.57526E+01    0.62979E+00
    0.58689E+01    0.59825E+00
    0.59874E+01    0.56827E+00
    0.61084E+01    0.53976E+00
    0.62318E+01    0.51267E+00
    0.63577E+01    0.48691E+00
    0.64861E+01    0.46243E+00
    0.66171E+01    0.43916E+00
    0.67508E+01    0.41705E+00
    0.68872E+01    0.39604E+00
    0.70263E+01    0.37607E+00
    0.71682E+01    0.35710E+00
    0.73130E+01    0.33907E+00
    0.74608E+01    0.32194E+00
    0.76115E+01    0.30566E+00
    0.77653E+01    0.29020E+00
    0.79221E+01    0.27551E+00
    0.80822E+01    0.26155E+00
    0.82454E+01    0.24829E+00
    0.84120E+01    0.23569E+00
    0.85819E+01    0.22373E+00
    0.87553E+01    0.21236E+00
    0.89322E+01    0.20157E+00
    0.91126E+01    0.19131E+00
    0.92967E+01    0.18157E+00
    0.94845E+01    0.17232E+00
    0.96761E+01    0.16353E+00
    0.98716E+01    0.15518E+00
    0.10071E+02    0.14726E+00
    0.10274E+02    0.13973E+00
    0.10482E+02    0.13259E+00
    0.10694E+02    0.12581E+00
    0.10910E+02    0.11937E+00
    0.11130E+02    0.11326E+00
    0.11355E+02    0.10747E+00
    0.11584E+02    0.10196E+00
