#           k/h    P           
    0.10000E-03    0.31457E+03
    0.10202E-03    0.32066E+03
    0.10408E-03    0.32687E+03
    0.10618E-03    0.33321E+03
    0.10833E-03    0.33966E+03
    0.11052E-03    0.34624E+03
    0.11275E-03    0.35294E+03
    0.11503E-03    0.35978E+03
    0.11735E-03    0.36674E+03
    0.11972E-03    0.37385E+03
    0.12214E-03    0.38109E+03
    0.12461E-03    0.38846E+03
    0.12712E-03    0.39598E+03
    0.12969E-03    0.40365E+03
    0.13231E-03    0.41147E+03
    0.13499E-03    0.41943E+03
    0.13771E-03    0.42755E+03
    0.14049E-03    0.43583E+03
    0.14333E-03    0.44426E+03
    0.14623E-03    0.45286E+03
    0.14918E-03    0.46162E+03
    0.15220E-03    0.47056E+03
    0.15527E-03    0.47966E+03
    0.15841E-03    0.48894E+03
    0.16161E-03    0.49840E+03
    0.16487E-03    0.50805E+03
    0.16820E-03    0.51787E+03
    0.17160E-03    0.52789E+03
    0.17507E-03    0.53810E+03
    0.17860E-03    0.54851E+03
    0.18221E-03    0.55912E+03
    0.18589E-03    0.56993E+03
    0.18965E-03    0.58095E+03
    0.19348E-03    0.59218E+03
    0.19739E-03    0.60363E+03
    0.20138E-03    0.61530E+03
    0.20544E-03    0.62719E+03
    0.20959E-03    0.63931E+03
    0.21383E-03    0.65167E+03
    0.21815E-03    0.66426E+03
    0.22255E-03    0.67709E+03
    0.22705E-03    0.69017E+03
    0.23164E-03    0.70350E+03
    0.23632E-03    0.71709E+03
    0.24109E-03    0.73094E+03
    0.24596E-03    0.74505E+03
    0.25093E-03    0.75944E+03
    0.25600E-03    0.77410E+03
    0.26117E-03    0.78904E+03
    0.26645E-03    0.80427E+03
    0.27183E-03    0.81979E+03
    0.27732E-03    0.83560E+03
    0.28292E-03    0.85172E+03
    0.28864E-03    0.86815E+03
    0.29447E-03    0.88489E+03
    0.30042E-03    0.90195E+03
    0.30649E-03    0.91934E+03
    0.31268E-03    0.93706E+03
    0.31899E-03    0.95512E+03
    0.32544E-03    0.97352E+03
    0.33201E-03    0.99228E+03
    0.33872E-03    0.10114E+04
    0.34556E-03    0.10309E+04
    0.35254E-03    0.10507E+04
    0.35966E-03    0.10709E+04
    0.36693E-03    0.10916E+04
    0.37434E-03    0.11126E+04
    0.38190E-03    0.11340E+04
    0.38962E-03    0.11558E+04
    0.39749E-03    0.11780E+04
    0.40552E-03    0.12007E+04
    0.41371E-03    0.12237E+04
    0.42207E-03    0.12472E+04
    0.43060E-03    0.12712E+04
    0.43929E-03    0.12956E+04
    0.44817E-03    0.13205E+04
    0.45722E-03    0.13458E+04
    0.46646E-03    0.13717E+04
    0.47588E-03    0.13980E+04
    0.48550E-03    0.14248E+04
    0.49530E-03    0.14521E+04
    0.50531E-03    0.14800E+04
    0.51552E-03    0.15083E+04
    0.52593E-03    0.15372E+04
    0.53656E-03    0.15666E+04
    0.54739E-03    0.15966E+04
    0.55845E-03    0.16272E+04
    0.56973E-03    0.16583E+04
    0.58124E-03    0.16900E+04
    0.59299E-03    0.17223E+04
    0.60496E-03    0.17552E+04
    0.61719E-03    0.17887E+04
    0.62965E-03    0.18229E+04
    0.64237E-03    0.18576E+04
    0.65535E-03    0.18931E+04
    0.66859E-03    0.19291E+04
    0.68210E-03    0.19659E+04
    0.69588E-03    0.20033E+04
    0.70993E-03    0.20414E+04
    0.72427E-03    0.20802E+04
    0.73891E-03    0.21197E+04
    0.75383E-03    0.21600E+04
    0.76906E-03    0.22010E+04
    0.78460E-03    0.22427E+04
    0.80045E-03    0.22852E+04
    0.81662E-03    0.23285E+04
    0.83311E-03    0.23725E+04
    0.84994E-03    0.24174E+04
    0.86711E-03    0.24631E+04
    0.88463E-03    0.25096E+04
    0.90250E-03    0.25569E+04
    0.92073E-03    0.26051E+04
    0.93933E-03    0.26541E+04
    0.95831E-03    0.27040E+04
    0.97767E-03    0.27548E+04
    0.99742E-03    0.28065E+04
    0.10176E-02    0.28591E+04
    0.10381E-02    0.29126E+04
    0.10591E-02    0.29671E+04
    0.10805E-02    0.30225E+04
    0.11023E-02    0.30789E+04
    0.11246E-02    0.31363E+04
    0.11473E-02    0.31947E+04
    0.11705E-02    0.32541E+04
    0.11941E-02    0.33145E+04
    0.12182E-02    0.33759E+04
    0.12429E-02    0.34384E+04
    0.12680E-02    0.35019E+04
    0.12936E-02    0.35665E+04
    0.13197E-02    0.36322E+04
    0.13464E-02    0.36990E+04
    0.13736E-02    0.37669E+04
    0.14013E-02    0.38360E+04
    0.14296E-02    0.39061E+04
    0.14585E-02    0.39775E+04
    0.14880E-02    0.40500E+04
    0.15180E-02    0.41236E+04
    0.15487E-02    0.41985E+04
    0.15800E-02    0.42746E+04
    0.16119E-02    0.43518E+04
    0.16445E-02    0.44304E+04
    0.16777E-02    0.45101E+04
    0.17116E-02    0.45911E+04
    0.17462E-02    0.46734E+04
    0.17814E-02    0.47569E+04
    0.18174E-02    0.48417E+04
    0.18541E-02    0.49278E+04
    0.18916E-02    0.50152E+04
    0.19298E-02    0.51039E+04
    0.19688E-02    0.51939E+04
    0.20086E-02    0.52853E+04
    0.20491E-02    0.53780E+04
    0.20905E-02    0.54720E+04
    0.21328E-02    0.55675E+04
    0.21758E-02    0.56642E+04
    0.22198E-02    0.57624E+04
    0.22646E-02    0.58619E+04
    0.23104E-02    0.59628E+04
    0.23571E-02    0.60650E+04
    0.24047E-02    0.61687E+04
    0.24533E-02    0.62737E+04
    0.25028E-02    0.63802E+04
    0.25534E-02    0.64880E+04
    0.26050E-02    0.65973E+04
    0.26576E-02    0.67079E+04
    0.27113E-02    0.68199E+04
    0.27660E-02    0.69333E+04
    0.28219E-02    0.70481E+04
    0.28789E-02    0.71644E+04
    0.29371E-02    0.72819E+04
    0.29964E-02    0.74009E+04
    0.30569E-02    0.75213E+04
    0.31187E-02    0.76430E+04
    0.31817E-02    0.77661E+04
    0.32460E-02    0.78905E+04
    0.33115E-02    0.80163E+04
    0.33784E-02    0.81434E+04
    0.34467E-02    0.82718E+04
    0.35163E-02    0.84015E+04
    0.35874E-02    0.85325E+04
    0.36598E-02    0.86648E+04
    0.37338E-02    0.87983E+04
    0.38092E-02    0.89330E+04
    0.38861E-02    0.90689E+04
    0.39646E-02    0.92060E+04
    0.40447E-02    0.93443E+04
    0.41264E-02    0.94837E+04
    0.42098E-02    0.96242E+04
    0.42948E-02    0.97658E+04
    0.43816E-02    0.99084E+04
    0.44701E-02    0.10052E+05
    0.45604E-02    0.10197E+05
    0.46525E-02    0.10342E+05
    0.47465E-02    0.10489E+05
    0.48424E-02    0.10636E+05
    0.49402E-02    0.10784E+05
    0.50400E-02    0.10933E+05
    0.51419E-02    0.11082E+05
    0.52457E-02    0.11232E+05
    0.53517E-02    0.11383E+05
    0.54598E-02    0.11534E+05
    0.55701E-02    0.11686E+05
    0.56826E-02    0.11838E+05
    0.57974E-02    0.11991E+05
    0.59145E-02    0.12144E+05
    0.60340E-02    0.12297E+05
    0.61559E-02    0.12451E+05
    0.62803E-02    0.12604E+05
    0.64072E-02    0.12757E+05
    0.65366E-02    0.12910E+05
    0.66686E-02    0.13063E+05
    0.68033E-02    0.13216E+05
    0.69408E-02    0.13368E+05
    0.70810E-02    0.13520E+05
    0.72240E-02    0.13671E+05
    0.73700E-02    0.13822E+05
    0.75189E-02    0.13972E+05
    0.76708E-02    0.14121E+05
    0.78257E-02    0.14269E+05
    0.79838E-02    0.14415E+05
    0.81451E-02    0.14561E+05
    0.83096E-02    0.14705E+05
    0.84775E-02    0.14848E+05
    0.86488E-02    0.14989E+05
    0.88235E-02    0.15129E+05
    0.90017E-02    0.15267E+05
    0.91836E-02    0.15403E+05
    0.93691E-02    0.15536E+05
    0.95583E-02    0.15668E+05
    0.97514E-02    0.15797E+05
    0.99484E-02    0.15923E+05
    0.10149E-01    0.16047E+05
    0.10354E-01    0.16167E+05
    0.10564E-01    0.16285E+05
    0.10777E-01    0.16400E+05
    0.10995E-01    0.16511E+05
    0.11217E-01    0.16618E+05
    0.11443E-01    0.16722E+05
    0.11675E-01    0.16822E+05
    0.11910E-01    0.16917E+05
    0.12151E-01    0.17009E+05
    0.12397E-01    0.17096E+05
    0.12647E-01    0.17178E+05
    0.12902E-01    0.17256E+05
    0.13163E-01    0.17328E+05
    0.13429E-01    0.17396E+05
    0.13700E-01    0.17458E+05
    0.13977E-01    0.17514E+05
    0.14259E-01    0.17564E+05
    0.14547E-01    0.17609E+05
    0.14841E-01    0.17647E+05
    0.15141E-01    0.17680E+05
    0.15447E-01    0.17705E+05
    0.15759E-01    0.17724E+05
    0.16077E-01    0.17736E+05
    0.16402E-01    0.17741E+05
    0.16734E-01    0.17739E+05
    0.17072E-01    0.17729E+05
    0.17416E-01    0.17712E+05
    0.17768E-01    0.17687E+05
    0.18127E-01    0.17655E+05
    0.18493E-01    0.17614E+05
    0.18867E-01    0.17566E+05
    0.19248E-01    0.17509E+05
    0.19637E-01    0.17444E+05
    0.20034E-01    0.17371E+05
    0.20438E-01    0.17290E+05
    0.20851E-01    0.17200E+05
    0.21272E-01    0.17102E+05
    0.21702E-01    0.16996E+05
    0.22141E-01    0.16881E+05
    0.22588E-01    0.16758E+05
    0.23044E-01    0.16627E+05
    0.23510E-01    0.16488E+05
    0.23985E-01    0.16341E+05
    0.24469E-01    0.16186E+05
    0.24964E-01    0.16024E+05
    0.25468E-01    0.15854E+05
    0.25982E-01    0.15677E+05
    0.26507E-01    0.15493E+05
    0.27043E-01    0.15302E+05
    0.27589E-01    0.15106E+05
    0.28146E-01    0.14903E+05
    0.28715E-01    0.14695E+05
    0.29295E-01    0.14482E+05
    0.29887E-01    0.14265E+05
    0.30490E-01    0.14043E+05
    0.31106E-01    0.13818E+05
    0.31735E-01    0.13590E+05
    0.32376E-01    0.13360E+05
    0.33030E-01    0.13127E+05
    0.33697E-01    0.12894E+05
    0.34378E-01    0.12660E+05
    0.35072E-01    0.12426E+05
    0.35781E-01    0.12193E+05
    0.36504E-01    0.11961E+05
    0.37241E-01    0.11731E+05
    0.37993E-01    0.11502E+05
    0.38761E-01    0.11275E+05
    0.39544E-01    0.11051E+05
    0.40343E-01    0.10831E+05
    0.41158E-01    0.10617E+05
    0.41989E-01    0.10409E+05
    0.42838E-01    0.10207E+05
    0.43703E-01    0.10011E+05
    0.44586E-01    0.98228E+04
    0.45486E-01    0.96416E+04
    0.46405E-01    0.94678E+04
    0.47343E-01    0.93013E+04
    0.48299E-01    0.91420E+04
    0.49275E-01    0.89898E+04
    0.50270E-01    0.88443E+04
    0.51286E-01    0.87050E+04
    0.52322E-01    0.85717E+04
    0.53379E-01    0.84435E+04
    0.54457E-01    0.83202E+04
    0.55557E-01    0.82014E+04
    0.56680E-01    0.80858E+04
    0.57825E-01    0.79725E+04
    0.58993E-01    0.78646E+04
    0.60184E-01    0.77628E+04
    0.61400E-01    0.76619E+04
    0.62641E-01    0.75573E+04
    0.63906E-01    0.74498E+04
    0.65197E-01    0.73408E+04
    0.66514E-01    0.72293E+04
    0.67858E-01    0.71132E+04
    0.69229E-01    0.69912E+04
    0.70627E-01    0.68626E+04
    0.72054E-01    0.67265E+04
    0.73510E-01    0.65824E+04
    0.74994E-01    0.64302E+04
    0.76509E-01    0.62699E+04
    0.78055E-01    0.61022E+04
    0.79632E-01    0.59279E+04
    0.81241E-01    0.57484E+04
    0.82882E-01    0.55650E+04
    0.84556E-01    0.53793E+04
    0.86264E-01    0.51931E+04
    0.88007E-01    0.50080E+04
    0.89785E-01    0.48256E+04
    0.91598E-01    0.46475E+04
    0.93449E-01    0.44753E+04
    0.95337E-01    0.43104E+04
    0.97263E-01    0.41540E+04
    0.99227E-01    0.40074E+04
    0.10123E+00    0.38717E+04
    0.10328E+00    0.37474E+04
    0.10536E+00    0.36351E+04
    0.10749E+00    0.35346E+04
    0.10966E+00    0.34455E+04
    0.11188E+00    0.33668E+04
    0.11414E+00    0.32970E+04
    0.11644E+00    0.32344E+04
    0.11880E+00    0.31768E+04
    0.12120E+00    0.31219E+04
    0.12365E+00    0.30672E+04
    0.12614E+00    0.30101E+04
    0.12869E+00    0.29485E+04
    0.13129E+00    0.28803E+04
    0.13394E+00    0.28043E+04
    0.13665E+00    0.27204E+04
    0.13941E+00    0.26291E+04
    0.14223E+00    0.25318E+04
    0.14510E+00    0.24305E+04
    0.14803E+00    0.23273E+04
    0.15102E+00    0.22246E+04
    0.15407E+00    0.21246E+04
    0.15718E+00    0.20298E+04
    0.16036E+00    0.19421E+04
    0.16360E+00    0.18635E+04
    0.16690E+00    0.17950E+04
    0.17028E+00    0.17366E+04
    0.17371E+00    0.16872E+04
    0.17722E+00    0.16449E+04
    0.18080E+00    0.16073E+04
    0.18446E+00    0.15718E+04
    0.18818E+00    0.15363E+04
    0.19198E+00    0.14986E+04
    0.19586E+00    0.14568E+04
    0.19982E+00    0.14099E+04
    0.20386E+00    0.13580E+04
    0.20797E+00    0.13021E+04
    0.21218E+00    0.12444E+04
    0.21646E+00    0.11870E+04
    0.22083E+00    0.11323E+04
    0.22530E+00    0.10821E+04
    0.22985E+00    0.10379E+04
    0.23449E+00    0.99982E+03
    0.23923E+00    0.96746E+03
    0.24406E+00    0.93934E+03
    0.24899E+00    0.91332E+03
    0.25402E+00    0.88747E+03
    0.25915E+00    0.86013E+03
    0.26439E+00    0.83044E+03
    0.26973E+00    0.79824E+03
    0.27518E+00    0.76438E+03
    0.28074E+00    0.73030E+03
    0.28641E+00    0.69756E+03
    0.29219E+00    0.66762E+03
    0.29810E+00    0.64098E+03
    0.30412E+00    0.61760E+03
    0.31026E+00    0.59663E+03
    0.31653E+00    0.57691E+03
    0.32292E+00    0.55731E+03
    0.32945E+00    0.53688E+03
    0.33610E+00    0.51555E+03
    0.34289E+00    0.49369E+03
    0.34982E+00    0.47223E+03
    0.35689E+00    0.45209E+03
    0.36409E+00    0.43364E+03
    0.37145E+00    0.41693E+03
    0.37895E+00    0.40143E+03
    0.38661E+00    0.38651E+03
    0.39442E+00    0.37167E+03
    0.40239E+00    0.35663E+03
    0.41052E+00    0.34165E+03
    0.41881E+00    0.32710E+03
    0.42727E+00    0.31338E+03
    0.43590E+00    0.30067E+03
    0.44471E+00    0.28874E+03
    0.45369E+00    0.27731E+03
    0.46286E+00    0.26611E+03
    0.47221E+00    0.25503E+03
    0.48174E+00    0.24425E+03
    0.49148E+00    0.23394E+03
    0.50141E+00    0.22418E+03
    0.51153E+00    0.21496E+03
    0.52187E+00    0.20610E+03
    0.53241E+00    0.19750E+03
    0.54317E+00    0.18915E+03
    0.55414E+00    0.18110E+03
    0.56533E+00    0.17341E+03
    0.57675E+00    0.16610E+03
    0.58840E+00    0.15908E+03
    0.60029E+00    0.15232E+03
    0.61242E+00    0.14580E+03
    0.62479E+00    0.13954E+03
    0.63741E+00    0.13355E+03
    0.65029E+00    0.12782E+03
    0.66342E+00    0.12232E+03
    0.67683E+00    0.11705E+03
    0.69050E+00    0.11199E+03
    0.70445E+00    0.10713E+03
    0.71868E+00    0.10247E+03
    0.73320E+00    0.97999E+02
    0.74801E+00    0.93714E+02
    0.76312E+00    0.89606E+02
    0.77854E+00    0.85669E+02
    0.79426E+00    0.81898E+02
    0.81031E+00    0.78285E+02
    0.82668E+00    0.74824E+02
    0.84338E+00    0.71511E+02
    0.86041E+00    0.68339E+02
    0.87780E+00    0.65302E+02
    0.89553E+00    0.62394E+02
    0.91362E+00    0.59611E+02
    0.93208E+00    0.56947E+02
    0.95091E+00    0.54398E+02
    0.97011E+00    0.51958E+02
    0.98971E+00    0.49623E+02
    0.10097E+01    0.47389E+02
    0.10301E+01    0.45251E+02
    0.10509E+01    0.43206E+02
    0.10721E+01    0.41250E+02
    0.10938E+01    0.39379E+02
    0.11159E+01    0.37590E+02
    0.11384E+01    0.35879E+02
    0.11614E+01    0.34243E+02
    0.11849E+01    0.32679E+02
    0.12088E+01    0.31184E+02
    0.12333E+01    0.29755E+02
    0.12582E+01    0.28389E+02
    0.12836E+01    0.27084E+02
    0.13095E+01    0.25836E+02
    0.13360E+01    0.24645E+02
    0.13630E+01    0.23506E+02
    0.13905E+01    0.22419E+02
    0.14186E+01    0.21380E+02
    0.14472E+01    0.20388E+02
    0.14765E+01    0.19440E+02
    0.15063E+01    0.18535E+02
    0.15367E+01    0.17671E+02
    0.15678E+01    0.16846E+02
    0.15994E+01    0.16059E+02
    0.16318E+01    0.15307E+02
    0.16647E+01    0.14589E+02
    0.16984E+01    0.13904E+02
    0.17327E+01    0.13251E+02
    0.17677E+01    0.12627E+02
    0.18034E+01    0.12031E+02
    0.18398E+01    0.11464E+02
    0.18770E+01    0.10922E+02
    0.19149E+01    0.10405E+02
    0.19536E+01    0.99117E+01
    0.19930E+01    0.94413E+01
    0.20333E+01    0.89928E+01
    0.20744E+01    0.85650E+01
    0.21163E+01    0.81570E+01
    0.21590E+01    0.77680E+01
    0.22026E+01    0.73971E+01
    0.22471E+01    0.70434E+01
    0.22925E+01    0.67063E+01
    0.23388E+01    0.63849E+01
    0.23861E+01    0.60786E+01
    0.24343E+01    0.57866E+01
    0.24835E+01    0.55084E+01
    0.25336E+01    0.52432E+01
    0.25848E+01    0.49905E+01
    0.26370E+01    0.47497E+01
    0.26903E+01    0.45202E+01
    0.27447E+01    0.43016E+01
    0.28001E+01    0.40934E+01
    0.28567E+01    0.38950E+01
    0.29144E+01    0.37061E+01
    0.29733E+01    0.35261E+01
    0.30333E+01    0.33546E+01
    0.30946E+01    0.31914E+01
    0.31571E+01    0.30359E+01
    0.32209E+01    0.28879E+01
    0.32860E+01    0.27469E+01
    0.33523E+01    0.26127E+01
    0.34201E+01    0.24849E+01
    0.34892E+01    0.23632E+01
    0.35596E+01    0.22474E+01
    0.36316E+01    0.21371E+01
    0.37049E+01    0.20322E+01
    0.37798E+01    0.19323E+01
    0.38561E+01    0.18373E+01
    0.39340E+01    0.17468E+01
    0.40135E+01    0.16607E+01
    0.40946E+01    0.15788E+01
    0.41773E+01    0.15008E+01
    0.42617E+01    0.14266E+01
    0.43478E+01    0.13561E+01
    0.44356E+01    0.12889E+01
    0.45252E+01    0.12251E+01
    0.46166E+01    0.11643E+01
    0.47099E+01    0.11065E+01
    0.48050E+01    0.10516E+01
    0.49021E+01    0.99927E+00
    0.50011E+01    0.94954E+00
    0.51021E+01    0.90226E+00
    0.52052E+01    0.85728E+00
    0.53104E+01    0.81452E+00
    0.54176E+01    0.77386E+00
    0.55271E+01    0.73519E+00
    0.56387E+01    0.69843E+00
    0.57526E+01    0.66348E+00
    0.58689E+01    0.63025E+00
    0.59874E+01    0.59866E+00
    0.61084E+01    0.56863E+00
    0.62318E+01    0.54008E+00
    0.63577E+01    0.51295E+00
    0.64861E+01    0.48716E+00
    0.66171E+01    0.46265E+00
    0.67508E+01    0.43936E+00
    0.68872E+01    0.41722E+00
    0.70263E+01    0.39618E+00
    0.71682E+01    0.37619E+00
    0.73130E+01    0.35720E+00
    0.74608E+01    0.33915E+00
    0.76115E+01    0.32201E+00
    0.77653E+01    0.30572E+00
    0.79221E+01    0.29024E+00
    0.80822E+01    0.27554E+00
    0.82454E+01    0.26157E+00
    0.84120E+01    0.24830E+00
    0.85819E+01    0.23569E+00
    0.87553E+01    0.22372E+00
    0.89322E+01    0.21235E+00
    0.91126E+01    0.20154E+00
    0.92967E+01    0.19128E+00
    0.94845E+01    0.18153E+00
    0.96761E+01    0.17227E+00
    0.98716E+01    0.16348E+00
    0.10071E+02    0.15513E+00
    0.10274E+02    0.14721E+00
    0.10482E+02    0.13968E+00
    0.10694E+02    0.13254E+00
    0.10910E+02    0.12576E+00
    0.11130E+02    0.11932E+00
    0.11355E+02    0.11321E+00
    0.11584E+02    0.10742E+00
