#           k/h    P           
    0.10000E-03    0.21839E+03
    0.10202E-03    0.22262E+03
    0.10408E-03    0.22693E+03
    0.10618E-03    0.23133E+03
    0.10833E-03    0.23582E+03
    0.11052E-03    0.24039E+03
    0.11275E-03    0.24504E+03
    0.11503E-03    0.24979E+03
    0.11735E-03    0.25463E+03
    0.11972E-03    0.25957E+03
    0.12214E-03    0.26460E+03
    0.12461E-03    0.26973E+03
    0.12712E-03    0.27495E+03
    0.12969E-03    0.28028E+03
    0.13231E-03    0.28571E+03
    0.13499E-03    0.29125E+03
    0.13771E-03    0.29689E+03
    0.14049E-03    0.30264E+03
    0.14333E-03    0.30851E+03
    0.14623E-03    0.31449E+03
    0.14918E-03    0.32058E+03
    0.15220E-03    0.32679E+03
    0.15527E-03    0.33312E+03
    0.15841E-03    0.33957E+03
    0.16161E-03    0.34615E+03
    0.16487E-03    0.35286E+03
    0.16820E-03    0.35969E+03
    0.17160E-03    0.36666E+03
    0.17507E-03    0.37376E+03
    0.17860E-03    0.38100E+03
    0.18221E-03    0.38838E+03
    0.18589E-03    0.39591E+03
    0.18965E-03    0.40357E+03
    0.19348E-03    0.41139E+03
    0.19739E-03    0.41935E+03
    0.20138E-03    0.42748E+03
    0.20544E-03    0.43575E+03
    0.20959E-03    0.44419E+03
    0.21383E-03    0.45279E+03
    0.21815E-03    0.46156E+03
    0.22255E-03    0.47049E+03
    0.22705E-03    0.47960E+03
    0.23164E-03    0.48888E+03
    0.23632E-03    0.49834E+03
    0.24109E-03    0.50799E+03
    0.24596E-03    0.51782E+03
    0.25093E-03    0.52784E+03
    0.25600E-03    0.53805E+03
    0.26117E-03    0.54846E+03
    0.26645E-03    0.55906E+03
    0.27183E-03    0.56988E+03
    0.27732E-03    0.58090E+03
    0.28292E-03    0.59213E+03
    0.28864E-03    0.60358E+03
    0.29447E-03    0.61525E+03
    0.30042E-03    0.62714E+03
    0.30649E-03    0.63926E+03
    0.31268E-03    0.65161E+03
    0.31899E-03    0.66420E+03
    0.32544E-03    0.67703E+03
    0.33201E-03    0.69011E+03
    0.33872E-03    0.70343E+03
    0.34556E-03    0.71701E+03
    0.35254E-03    0.73085E+03
    0.35966E-03    0.74495E+03
    0.36693E-03    0.75932E+03
    0.37434E-03    0.77397E+03
    0.38190E-03    0.78890E+03
    0.38962E-03    0.80410E+03
    0.39749E-03    0.81960E+03
    0.40552E-03    0.83539E+03
    0.41371E-03    0.85149E+03
    0.42207E-03    0.86788E+03
    0.43060E-03    0.88459E+03
    0.43929E-03    0.90162E+03
    0.44817E-03    0.91896E+03
    0.45722E-03    0.93663E+03
    0.46646E-03    0.95464E+03
    0.47588E-03    0.97298E+03
    0.48550E-03    0.99167E+03
    0.49530E-03    0.10107E+04
    0.50531E-03    0.10301E+04
    0.51552E-03    0.10499E+04
    0.52593E-03    0.10700E+04
    0.53656E-03    0.10905E+04
    0.54739E-03    0.11114E+04
    0.55845E-03    0.11327E+04
    0.56973E-03    0.11544E+04
    0.58124E-03    0.11764E+04
    0.59299E-03    0.11989E+04
    0.60496E-03    0.12218E+04
    0.61719E-03    0.12452E+04
    0.62965E-03    0.12689E+04
    0.64237E-03    0.12931E+04
    0.65535E-03    0.13178E+04
    0.66859E-03    0.13429E+04
    0.68210E-03    0.13684E+04
    0.69588E-03    0.13944E+04
    0.70993E-03    0.14209E+04
    0.72427E-03    0.14479E+04
    0.73891E-03    0.14754E+04
    0.75383E-03    0.15034E+04
    0.76906E-03    0.15319E+04
    0.78460E-03    0.15609E+04
    0.80045E-03    0.15904E+04
    0.81662E-03    0.16204E+04
    0.83311E-03    0.16510E+04
    0.84994E-03    0.16822E+04
    0.86711E-03    0.17139E+04
    0.88463E-03    0.17461E+04
    0.90250E-03    0.17790E+04
    0.92073E-03    0.18124E+04
    0.93933E-03    0.18464E+04
    0.95831E-03    0.18810E+04
    0.97767E-03    0.19163E+04
    0.99742E-03    0.19521E+04
    0.10176E-02    0.19886E+04
    0.10381E-02    0.20257E+04
    0.10591E-02    0.20634E+04
    0.10805E-02    0.21019E+04
    0.11023E-02    0.21409E+04
    0.11246E-02    0.21807E+04
    0.11473E-02    0.22212E+04
    0.11705E-02    0.22623E+04
    0.11941E-02    0.23041E+04
    0.12182E-02    0.23467E+04
    0.12429E-02    0.23900E+04
    0.12680E-02    0.24340E+04
    0.12936E-02    0.24787E+04
    0.13197E-02    0.25242E+04
    0.13464E-02    0.25705E+04
    0.13736E-02    0.26175E+04
    0.14013E-02    0.26653E+04
    0.14296E-02    0.27139E+04
    0.14585E-02    0.27632E+04
    0.14880E-02    0.28134E+04
    0.15180E-02    0.28644E+04
    0.15487E-02    0.29163E+04
    0.15800E-02    0.29689E+04
    0.16119E-02    0.30224E+04
    0.16445E-02    0.30768E+04
    0.16777E-02    0.31320E+04
    0.17116E-02    0.31881E+04
    0.17462E-02    0.32450E+04
    0.17814E-02    0.33028E+04
    0.18174E-02    0.33615E+04
    0.18541E-02    0.34212E+04
    0.18916E-02    0.34817E+04
    0.19298E-02    0.35431E+04
    0.19688E-02    0.36054E+04
    0.20086E-02    0.36687E+04
    0.20491E-02    0.37328E+04
    0.20905E-02    0.37980E+04
    0.21328E-02    0.38640E+04
    0.21758E-02    0.39310E+04
    0.22198E-02    0.39990E+04
    0.22646E-02    0.40679E+04
    0.23104E-02    0.41377E+04
    0.23571E-02    0.42086E+04
    0.24047E-02    0.42804E+04
    0.24533E-02    0.43531E+04
    0.25028E-02    0.44268E+04
    0.25534E-02    0.45015E+04
    0.26050E-02    0.45771E+04
    0.26576E-02    0.46538E+04
    0.27113E-02    0.47314E+04
    0.27660E-02    0.48099E+04
    0.28219E-02    0.48894E+04
    0.28789E-02    0.49699E+04
    0.29371E-02    0.50514E+04
    0.29964E-02    0.51338E+04
    0.30569E-02    0.52172E+04
    0.31187E-02    0.53015E+04
    0.31817E-02    0.53868E+04
    0.32460E-02    0.54730E+04
    0.33115E-02    0.55601E+04
    0.33784E-02    0.56482E+04
    0.34467E-02    0.57371E+04
    0.35163E-02    0.58270E+04
    0.35874E-02    0.59178E+04
    0.36598E-02    0.60094E+04
    0.37338E-02    0.61019E+04
    0.38092E-02    0.61953E+04
    0.38861E-02    0.62894E+04
    0.39646E-02    0.63845E+04
    0.40447E-02    0.64803E+04
    0.41264E-02    0.65769E+04
    0.42098E-02    0.66742E+04
    0.42948E-02    0.67724E+04
    0.43816E-02    0.68712E+04
    0.44701E-02    0.69707E+04
    0.45604E-02    0.70709E+04
    0.46525E-02    0.71718E+04
    0.47465E-02    0.72732E+04
    0.48424E-02    0.73753E+04
    0.49402E-02    0.74779E+04
    0.50400E-02    0.75810E+04
    0.51419E-02    0.76846E+04
    0.52457E-02    0.77887E+04
    0.53517E-02    0.78932E+04
    0.54598E-02    0.79981E+04
    0.55701E-02    0.81033E+04
    0.56826E-02    0.82088E+04
    0.57974E-02    0.83145E+04
    0.59145E-02    0.84205E+04
    0.60340E-02    0.85269E+04
    0.61559E-02    0.86332E+04
    0.62803E-02    0.87394E+04
    0.64072E-02    0.88456E+04
    0.65366E-02    0.89518E+04
    0.66686E-02    0.90578E+04
    0.68033E-02    0.91637E+04
    0.69408E-02    0.92693E+04
    0.70810E-02    0.93745E+04
    0.72240E-02    0.94794E+04
    0.73700E-02    0.95839E+04
    0.75189E-02    0.96878E+04
    0.76708E-02    0.97911E+04
    0.78257E-02    0.98936E+04
    0.79838E-02    0.99953E+04
    0.81451E-02    0.10096E+05
    0.83096E-02    0.10196E+05
    0.84775E-02    0.10296E+05
    0.86488E-02    0.10393E+05
    0.88235E-02    0.10490E+05
    0.90017E-02    0.10586E+05
    0.91836E-02    0.10680E+05
    0.93691E-02    0.10773E+05
    0.95583E-02    0.10864E+05
    0.97514E-02    0.10953E+05
    0.99484E-02    0.11041E+05
    0.10149E-01    0.11127E+05
    0.10354E-01    0.11210E+05
    0.10564E-01    0.11292E+05
    0.10777E-01    0.11371E+05
    0.10995E-01    0.11449E+05
    0.11217E-01    0.11523E+05
    0.11443E-01    0.11595E+05
    0.11675E-01    0.11664E+05
    0.11910E-01    0.11731E+05
    0.12151E-01    0.11794E+05
    0.12397E-01    0.11855E+05
    0.12647E-01    0.11912E+05
    0.12902E-01    0.11966E+05
    0.13163E-01    0.12016E+05
    0.13429E-01    0.12063E+05
    0.13700E-01    0.12106E+05
    0.13977E-01    0.12145E+05
    0.14259E-01    0.12180E+05
    0.14547E-01    0.12211E+05
    0.14841E-01    0.12237E+05
    0.15141E-01    0.12260E+05
    0.15447E-01    0.12278E+05
    0.15759E-01    0.12291E+05
    0.16077E-01    0.12299E+05
    0.16402E-01    0.12303E+05
    0.16734E-01    0.12301E+05
    0.17072E-01    0.12294E+05
    0.17416E-01    0.12283E+05
    0.17768E-01    0.12266E+05
    0.18127E-01    0.12243E+05
    0.18493E-01    0.12215E+05
    0.18867E-01    0.12182E+05
    0.19248E-01    0.12142E+05
    0.19637E-01    0.12098E+05
    0.20034E-01    0.12047E+05
    0.20438E-01    0.11991E+05
    0.20851E-01    0.11929E+05
    0.21272E-01    0.11861E+05
    0.21702E-01    0.11787E+05
    0.22141E-01    0.11708E+05
    0.22588E-01    0.11622E+05
    0.23044E-01    0.11532E+05
    0.23510E-01    0.11435E+05
    0.23985E-01    0.11333E+05
    0.24469E-01    0.11226E+05
    0.24964E-01    0.11113E+05
    0.25468E-01    0.10995E+05
    0.25982E-01    0.10873E+05
    0.26507E-01    0.10745E+05
    0.27043E-01    0.10613E+05
    0.27589E-01    0.10477E+05
    0.28146E-01    0.10336E+05
    0.28715E-01    0.10192E+05
    0.29295E-01    0.10045E+05
    0.29887E-01    0.98938E+04
    0.30490E-01    0.97402E+04
    0.31106E-01    0.95841E+04
    0.31735E-01    0.94260E+04
    0.32376E-01    0.92663E+04
    0.33030E-01    0.91053E+04
    0.33697E-01    0.89435E+04
    0.34378E-01    0.87813E+04
    0.35072E-01    0.86191E+04
    0.35781E-01    0.84575E+04
    0.36504E-01    0.82969E+04
    0.37241E-01    0.81370E+04
    0.37993E-01    0.79781E+04
    0.38761E-01    0.78205E+04
    0.39544E-01    0.76653E+04
    0.40343E-01    0.75133E+04
    0.41158E-01    0.73648E+04
    0.41989E-01    0.72203E+04
    0.42838E-01    0.70801E+04
    0.43703E-01    0.69445E+04
    0.44586E-01    0.68139E+04
    0.45486E-01    0.66882E+04
    0.46405E-01    0.65677E+04
    0.47343E-01    0.64522E+04
    0.48299E-01    0.63418E+04
    0.49275E-01    0.62362E+04
    0.50270E-01    0.61353E+04
    0.51286E-01    0.60387E+04
    0.52322E-01    0.59462E+04
    0.53379E-01    0.58574E+04
    0.54457E-01    0.57719E+04
    0.55557E-01    0.56895E+04
    0.56680E-01    0.56093E+04
    0.57825E-01    0.55307E+04
    0.58993E-01    0.54559E+04
    0.60184E-01    0.53853E+04
    0.61400E-01    0.53154E+04
    0.62641E-01    0.52428E+04
    0.63906E-01    0.51683E+04
    0.65197E-01    0.50927E+04
    0.66514E-01    0.50154E+04
    0.67858E-01    0.49349E+04
    0.69229E-01    0.48503E+04
    0.70627E-01    0.47610E+04
    0.72054E-01    0.46666E+04
    0.73510E-01    0.45667E+04
    0.74994E-01    0.44611E+04
    0.76509E-01    0.43499E+04
    0.78055E-01    0.42336E+04
    0.79632E-01    0.41127E+04
    0.81241E-01    0.39881E+04
    0.82882E-01    0.38609E+04
    0.84556E-01    0.37321E+04
    0.86264E-01    0.36029E+04
    0.88007E-01    0.34745E+04
    0.89785E-01    0.33480E+04
    0.91598E-01    0.32245E+04
    0.93449E-01    0.31050E+04
    0.95337E-01    0.29906E+04
    0.97263E-01    0.28821E+04
    0.99227E-01    0.27804E+04
    0.10123E+00    0.26862E+04
    0.10328E+00    0.26000E+04
    0.10536E+00    0.25221E+04
    0.10749E+00    0.24524E+04
    0.10966E+00    0.23906E+04
    0.11188E+00    0.23360E+04
    0.11414E+00    0.22876E+04
    0.11644E+00    0.22441E+04
    0.11880E+00    0.22042E+04
    0.12120E+00    0.21661E+04
    0.12365E+00    0.21281E+04
    0.12614E+00    0.20886E+04
    0.12869E+00    0.20458E+04
    0.13129E+00    0.19984E+04
    0.13394E+00    0.19458E+04
    0.13665E+00    0.18876E+04
    0.13941E+00    0.18242E+04
    0.14223E+00    0.17567E+04
    0.14510E+00    0.16864E+04
    0.14803E+00    0.16148E+04
    0.15102E+00    0.15435E+04
    0.15407E+00    0.14742E+04
    0.15718E+00    0.14084E+04
    0.16036E+00    0.13476E+04
    0.16360E+00    0.12930E+04
    0.16690E+00    0.12455E+04
    0.17028E+00    0.12050E+04
    0.17371E+00    0.11707E+04
    0.17722E+00    0.11413E+04
    0.18080E+00    0.11152E+04
    0.18446E+00    0.10907E+04
    0.18818E+00    0.10660E+04
    0.19198E+00    0.10398E+04
    0.19586E+00    0.10108E+04
    0.19982E+00    0.97833E+03
    0.20386E+00    0.94229E+03
    0.20797E+00    0.90353E+03
    0.21218E+00    0.86344E+03
    0.21646E+00    0.82363E+03
    0.22083E+00    0.78569E+03
    0.22530E+00    0.75087E+03
    0.22985E+00    0.72015E+03
    0.23449E+00    0.69376E+03
    0.23923E+00    0.67130E+03
    0.24406E+00    0.65179E+03
    0.24899E+00    0.63374E+03
    0.25402E+00    0.61580E+03
    0.25915E+00    0.59683E+03
    0.26439E+00    0.57623E+03
    0.26973E+00    0.55389E+03
    0.27518E+00    0.53040E+03
    0.28074E+00    0.50675E+03
    0.28641E+00    0.48403E+03
    0.29219E+00    0.46325E+03
    0.29810E+00    0.44477E+03
    0.30412E+00    0.42855E+03
    0.31026E+00    0.41400E+03
    0.31653E+00    0.40032E+03
    0.32292E+00    0.38672E+03
    0.32945E+00    0.37254E+03
    0.33610E+00    0.35774E+03
    0.34289E+00    0.34257E+03
    0.34982E+00    0.32768E+03
    0.35689E+00    0.31370E+03
    0.36409E+00    0.30090E+03
    0.37145E+00    0.28931E+03
    0.37895E+00    0.27855E+03
    0.38661E+00    0.26820E+03
    0.39442E+00    0.25790E+03
    0.40239E+00    0.24747E+03
    0.41052E+00    0.23707E+03
    0.41881E+00    0.22698E+03
    0.42727E+00    0.21745E+03
    0.43590E+00    0.20863E+03
    0.44471E+00    0.20036E+03
    0.45369E+00    0.19242E+03
    0.46286E+00    0.18465E+03
    0.47221E+00    0.17697E+03
    0.48174E+00    0.16949E+03
    0.49148E+00    0.16233E+03
    0.50141E+00    0.15556E+03
    0.51153E+00    0.14916E+03
    0.52187E+00    0.14301E+03
    0.53241E+00    0.13704E+03
    0.54317E+00    0.13125E+03
    0.55414E+00    0.12567E+03
    0.56533E+00    0.12033E+03
    0.57675E+00    0.11525E+03
    0.58840E+00    0.11039E+03
    0.60029E+00    0.10569E+03
    0.61242E+00    0.10117E+03
    0.62479E+00    0.96828E+02
    0.63741E+00    0.92669E+02
    0.65029E+00    0.88693E+02
    0.66342E+00    0.84881E+02
    0.67683E+00    0.81221E+02
    0.69050E+00    0.77708E+02
    0.70445E+00    0.74337E+02
    0.71868E+00    0.71104E+02
    0.73320E+00    0.68002E+02
    0.74801E+00    0.65029E+02
    0.76312E+00    0.62178E+02
    0.77854E+00    0.59447E+02
    0.79426E+00    0.56829E+02
    0.81031E+00    0.54322E+02
    0.82668E+00    0.51921E+02
    0.84338E+00    0.49622E+02
    0.86041E+00    0.47421E+02
    0.87780E+00    0.45314E+02
    0.89553E+00    0.43296E+02
    0.91362E+00    0.41365E+02
    0.93208E+00    0.39516E+02
    0.95091E+00    0.37747E+02
    0.97011E+00    0.36054E+02
    0.98971E+00    0.34434E+02
    0.10097E+01    0.32884E+02
    0.10301E+01    0.31400E+02
    0.10509E+01    0.29981E+02
    0.10721E+01    0.28624E+02
    0.10938E+01    0.27326E+02
    0.11159E+01    0.26084E+02
    0.11384E+01    0.24897E+02
    0.11614E+01    0.23762E+02
    0.11849E+01    0.22676E+02
    0.12088E+01    0.21639E+02
    0.12333E+01    0.20647E+02
    0.12582E+01    0.19699E+02
    0.12836E+01    0.18794E+02
    0.13095E+01    0.17928E+02
    0.13360E+01    0.17101E+02
    0.13630E+01    0.16311E+02
    0.13905E+01    0.15557E+02
    0.14186E+01    0.14836E+02
    0.14472E+01    0.14147E+02
    0.14765E+01    0.13490E+02
    0.15063E+01    0.12862E+02
    0.15367E+01    0.12262E+02
    0.15678E+01    0.11690E+02
    0.15994E+01    0.11143E+02
    0.16318E+01    0.10622E+02
    0.16647E+01    0.10124E+02
    0.16984E+01    0.96483E+01
    0.17327E+01    0.91947E+01
    0.17677E+01    0.87618E+01
    0.18034E+01    0.83488E+01
    0.18398E+01    0.79547E+01
    0.18770E+01    0.75787E+01
    0.19149E+01    0.72200E+01
    0.19536E+01    0.68778E+01
    0.19930E+01    0.65515E+01
    0.20333E+01    0.62402E+01
    0.20744E+01    0.59433E+01
    0.21163E+01    0.56602E+01
    0.21590E+01    0.53903E+01
    0.22026E+01    0.51329E+01
    0.22471E+01    0.48875E+01
    0.22925E+01    0.46536E+01
    0.23388E+01    0.44306E+01
    0.23861E+01    0.42180E+01
    0.24343E+01    0.40154E+01
    0.24835E+01    0.38223E+01
    0.25336E+01    0.36383E+01
    0.25848E+01    0.34629E+01
    0.26370E+01    0.32959E+01
    0.26903E+01    0.31366E+01
    0.27447E+01    0.29850E+01
    0.28001E+01    0.28405E+01
    0.28567E+01    0.27028E+01
    0.29144E+01    0.25717E+01
    0.29733E+01    0.24468E+01
    0.30333E+01    0.23278E+01
    0.30946E+01    0.22145E+01
    0.31571E+01    0.21067E+01
    0.32209E+01    0.20039E+01
    0.32860E+01    0.19061E+01
    0.33523E+01    0.18130E+01
    0.34201E+01    0.17243E+01
    0.34892E+01    0.16399E+01
    0.35596E+01    0.15595E+01
    0.36316E+01    0.14830E+01
    0.37049E+01    0.14102E+01
    0.37798E+01    0.13409E+01
    0.38561E+01    0.12749E+01
    0.39340E+01    0.12121E+01
    0.40135E+01    0.11524E+01
    0.40946E+01    0.10955E+01
    0.41773E+01    0.10414E+01
    0.42617E+01    0.98996E+00
    0.43478E+01    0.94100E+00
    0.44356E+01    0.89441E+00
    0.45252E+01    0.85009E+00
    0.46166E+01    0.80793E+00
    0.47099E+01    0.76783E+00
    0.48050E+01    0.72968E+00
    0.49021E+01    0.69341E+00
    0.50011E+01    0.65890E+00
    0.51021E+01    0.62609E+00
    0.52052E+01    0.59488E+00
    0.53104E+01    0.56521E+00
    0.54176E+01    0.53699E+00
    0.55271E+01    0.51016E+00
    0.56387E+01    0.48465E+00
    0.57526E+01    0.46039E+00
    0.58689E+01    0.43734E+00
    0.59874E+01    0.41542E+00
    0.61084E+01    0.39458E+00
    0.62318E+01    0.37477E+00
    0.63577E+01    0.35594E+00
    0.64861E+01    0.33805E+00
    0.66171E+01    0.32104E+00
    0.67508E+01    0.30488E+00
    0.68872E+01    0.28951E+00
    0.70263E+01    0.27492E+00
    0.71682E+01    0.26105E+00
    0.73130E+01    0.24787E+00
    0.74608E+01    0.23534E+00
    0.76115E+01    0.22344E+00
    0.77653E+01    0.21214E+00
    0.79221E+01    0.20140E+00
    0.80822E+01    0.19120E+00
    0.82454E+01    0.18151E+00
    0.84120E+01    0.17230E+00
    0.85819E+01    0.16355E+00
    0.87553E+01    0.15524E+00
    0.89322E+01    0.14735E+00
    0.91126E+01    0.13985E+00
    0.92967E+01    0.13273E+00
    0.94845E+01    0.12597E+00
    0.96761E+01    0.11954E+00
    0.98716E+01    0.11344E+00
    0.10071E+02    0.10765E+00
    0.10274E+02    0.10215E+00
    0.10482E+02    0.96926E-01
    0.10694E+02    0.91969E-01
    0.10910E+02    0.87263E-01
    0.11130E+02    0.82798E-01
    0.11355E+02    0.78560E-01
    0.11584E+02    0.74538E-01
