#           k/h    P           
    0.10000E-03    0.34753E+03
    0.10202E-03    0.35427E+03
    0.10408E-03    0.36113E+03
    0.10618E-03    0.36813E+03
    0.10833E-03    0.37526E+03
    0.11052E-03    0.38253E+03
    0.11275E-03    0.38994E+03
    0.11503E-03    0.39750E+03
    0.11735E-03    0.40520E+03
    0.11972E-03    0.41305E+03
    0.12214E-03    0.42105E+03
    0.12461E-03    0.42921E+03
    0.12712E-03    0.43752E+03
    0.12969E-03    0.44600E+03
    0.13231E-03    0.45464E+03
    0.13499E-03    0.46344E+03
    0.13771E-03    0.47242E+03
    0.14049E-03    0.48157E+03
    0.14333E-03    0.49089E+03
    0.14623E-03    0.50040E+03
    0.14918E-03    0.51009E+03
    0.15220E-03    0.51997E+03
    0.15527E-03    0.53004E+03
    0.15841E-03    0.54030E+03
    0.16161E-03    0.55076E+03
    0.16487E-03    0.56142E+03
    0.16820E-03    0.57229E+03
    0.17160E-03    0.58337E+03
    0.17507E-03    0.59466E+03
    0.17860E-03    0.60618E+03
    0.18221E-03    0.61791E+03
    0.18589E-03    0.62987E+03
    0.18965E-03    0.64206E+03
    0.19348E-03    0.65448E+03
    0.19739E-03    0.66715E+03
    0.20138E-03    0.68006E+03
    0.20544E-03    0.69321E+03
    0.20959E-03    0.70662E+03
    0.21383E-03    0.72029E+03
    0.21815E-03    0.73423E+03
    0.22255E-03    0.74843E+03
    0.22705E-03    0.76290E+03
    0.23164E-03    0.77765E+03
    0.23632E-03    0.79269E+03
    0.24109E-03    0.80802E+03
    0.24596E-03    0.82364E+03
    0.25093E-03    0.83956E+03
    0.25600E-03    0.85578E+03
    0.26117E-03    0.87232E+03
    0.26645E-03    0.88918E+03
    0.27183E-03    0.90636E+03
    0.27732E-03    0.92386E+03
    0.28292E-03    0.94171E+03
    0.28864E-03    0.95989E+03
    0.29447E-03    0.97843E+03
    0.30042E-03    0.99732E+03
    0.30649E-03    0.10166E+04
    0.31268E-03    0.10362E+04
    0.31899E-03    0.10562E+04
    0.32544E-03    0.10766E+04
    0.33201E-03    0.10973E+04
    0.33872E-03    0.11185E+04
    0.34556E-03    0.11401E+04
    0.35254E-03    0.11620E+04
    0.35966E-03    0.11844E+04
    0.36693E-03    0.12073E+04
    0.37434E-03    0.12305E+04
    0.38190E-03    0.12542E+04
    0.38962E-03    0.12784E+04
    0.39749E-03    0.13030E+04
    0.40552E-03    0.13281E+04
    0.41371E-03    0.13536E+04
    0.42207E-03    0.13796E+04
    0.43060E-03    0.14062E+04
    0.43929E-03    0.14332E+04
    0.44817E-03    0.14607E+04
    0.45722E-03    0.14888E+04
    0.46646E-03    0.15174E+04
    0.47588E-03    0.15465E+04
    0.48550E-03    0.15762E+04
    0.49530E-03    0.16064E+04
    0.50531E-03    0.16372E+04
    0.51552E-03    0.16686E+04
    0.52593E-03    0.17006E+04
    0.53656E-03    0.17332E+04
    0.54739E-03    0.17663E+04
    0.55845E-03    0.18001E+04
    0.56973E-03    0.18346E+04
    0.58124E-03    0.18696E+04
    0.59299E-03    0.19054E+04
    0.60496E-03    0.19418E+04
    0.61719E-03    0.19788E+04
    0.62965E-03    0.20166E+04
    0.64237E-03    0.20550E+04
    0.65535E-03    0.20942E+04
    0.66859E-03    0.21341E+04
    0.68210E-03    0.21747E+04
    0.69588E-03    0.22160E+04
    0.70993E-03    0.22581E+04
    0.72427E-03    0.23010E+04
    0.73891E-03    0.23447E+04
    0.75383E-03    0.23892E+04
    0.76906E-03    0.24345E+04
    0.78460E-03    0.24806E+04
    0.80045E-03    0.25275E+04
    0.81662E-03    0.25753E+04
    0.83311E-03    0.26239E+04
    0.84994E-03    0.26735E+04
    0.86711E-03    0.27239E+04
    0.88463E-03    0.27752E+04
    0.90250E-03    0.28274E+04
    0.92073E-03    0.28806E+04
    0.93933E-03    0.29347E+04
    0.95831E-03    0.29898E+04
    0.97767E-03    0.30459E+04
    0.99742E-03    0.31029E+04
    0.10176E-02    0.31610E+04
    0.10381E-02    0.32200E+04
    0.10591E-02    0.32801E+04
    0.10805E-02    0.33413E+04
    0.11023E-02    0.34035E+04
    0.11246E-02    0.34668E+04
    0.11473E-02    0.35312E+04
    0.11705E-02    0.35967E+04
    0.11941E-02    0.36633E+04
    0.12182E-02    0.37310E+04
    0.12429E-02    0.37999E+04
    0.12680E-02    0.38700E+04
    0.12936E-02    0.39412E+04
    0.13197E-02    0.40137E+04
    0.13464E-02    0.40874E+04
    0.13736E-02    0.41622E+04
    0.14013E-02    0.42384E+04
    0.14296E-02    0.43157E+04
    0.14585E-02    0.43944E+04
    0.14880E-02    0.44743E+04
    0.15180E-02    0.45556E+04
    0.15487E-02    0.46381E+04
    0.15800E-02    0.47220E+04
    0.16119E-02    0.48072E+04
    0.16445E-02    0.48937E+04
    0.16777E-02    0.49817E+04
    0.17116E-02    0.50710E+04
    0.17462E-02    0.51617E+04
    0.17814E-02    0.52538E+04
    0.18174E-02    0.53473E+04
    0.18541E-02    0.54422E+04
    0.18916E-02    0.55386E+04
    0.19298E-02    0.56364E+04
    0.19688E-02    0.57357E+04
    0.20086E-02    0.58364E+04
    0.20491E-02    0.59386E+04
    0.20905E-02    0.60423E+04
    0.21328E-02    0.61476E+04
    0.21758E-02    0.62543E+04
    0.22198E-02    0.63625E+04
    0.22646E-02    0.64722E+04
    0.23104E-02    0.65835E+04
    0.23571E-02    0.66963E+04
    0.24047E-02    0.68106E+04
    0.24533E-02    0.69264E+04
    0.25028E-02    0.70438E+04
    0.25534E-02    0.71627E+04
    0.26050E-02    0.72832E+04
    0.26576E-02    0.74052E+04
    0.27113E-02    0.75288E+04
    0.27660E-02    0.76539E+04
    0.28219E-02    0.77805E+04
    0.28789E-02    0.79087E+04
    0.29371E-02    0.80384E+04
    0.29964E-02    0.81696E+04
    0.30569E-02    0.83023E+04
    0.31187E-02    0.84366E+04
    0.31817E-02    0.85724E+04
    0.32460E-02    0.87096E+04
    0.33115E-02    0.88484E+04
    0.33784E-02    0.89886E+04
    0.34467E-02    0.91302E+04
    0.35163E-02    0.92733E+04
    0.35874E-02    0.94178E+04
    0.36598E-02    0.95637E+04
    0.37338E-02    0.97109E+04
    0.38092E-02    0.98595E+04
    0.38861E-02    0.10009E+05
    0.39646E-02    0.10161E+05
    0.40447E-02    0.10313E+05
    0.41264E-02    0.10467E+05
    0.42098E-02    0.10622E+05
    0.42948E-02    0.10778E+05
    0.43816E-02    0.10936E+05
    0.44701E-02    0.11094E+05
    0.45604E-02    0.11253E+05
    0.46525E-02    0.11414E+05
    0.47465E-02    0.11575E+05
    0.48424E-02    0.11738E+05
    0.49402E-02    0.11901E+05
    0.50400E-02    0.12065E+05
    0.51419E-02    0.12230E+05
    0.52457E-02    0.12396E+05
    0.53517E-02    0.12562E+05
    0.54598E-02    0.12729E+05
    0.55701E-02    0.12897E+05
    0.56826E-02    0.13065E+05
    0.57974E-02    0.13233E+05
    0.59145E-02    0.13402E+05
    0.60340E-02    0.13571E+05
    0.61559E-02    0.13740E+05
    0.62803E-02    0.13909E+05
    0.64072E-02    0.14078E+05
    0.65366E-02    0.14247E+05
    0.66686E-02    0.14416E+05
    0.68033E-02    0.14584E+05
    0.69408E-02    0.14752E+05
    0.70810E-02    0.14920E+05
    0.72240E-02    0.15087E+05
    0.73700E-02    0.15253E+05
    0.75189E-02    0.15418E+05
    0.76708E-02    0.15583E+05
    0.78257E-02    0.15746E+05
    0.79838E-02    0.15907E+05
    0.81451E-02    0.16068E+05
    0.83096E-02    0.16227E+05
    0.84775E-02    0.16385E+05
    0.86488E-02    0.16541E+05
    0.88235E-02    0.16695E+05
    0.90017E-02    0.16847E+05
    0.91836E-02    0.16997E+05
    0.93691E-02    0.17144E+05
    0.95583E-02    0.17289E+05
    0.97514E-02    0.17431E+05
    0.99484E-02    0.17571E+05
    0.10149E-01    0.17707E+05
    0.10354E-01    0.17840E+05
    0.10564E-01    0.17970E+05
    0.10777E-01    0.18097E+05
    0.10995E-01    0.18219E+05
    0.11217E-01    0.18338E+05
    0.11443E-01    0.18452E+05
    0.11675E-01    0.18562E+05
    0.11910E-01    0.18668E+05
    0.12151E-01    0.18769E+05
    0.12397E-01    0.18865E+05
    0.12647E-01    0.18955E+05
    0.12902E-01    0.19041E+05
    0.13163E-01    0.19121E+05
    0.13429E-01    0.19195E+05
    0.13700E-01    0.19264E+05
    0.13977E-01    0.19326E+05
    0.14259E-01    0.19381E+05
    0.14547E-01    0.19431E+05
    0.14841E-01    0.19473E+05
    0.15141E-01    0.19508E+05
    0.15447E-01    0.19536E+05
    0.15759E-01    0.19557E+05
    0.16077E-01    0.19570E+05
    0.16402E-01    0.19576E+05
    0.16734E-01    0.19573E+05
    0.17072E-01    0.19563E+05
    0.17416E-01    0.19544E+05
    0.17768E-01    0.19516E+05
    0.18127E-01    0.19480E+05
    0.18493E-01    0.19436E+05
    0.18867E-01    0.19382E+05
    0.19248E-01    0.19320E+05
    0.19637E-01    0.19248E+05
    0.20034E-01    0.19168E+05
    0.20438E-01    0.19078E+05
    0.20851E-01    0.18979E+05
    0.21272E-01    0.18871E+05
    0.21702E-01    0.18753E+05
    0.22141E-01    0.18627E+05
    0.22588E-01    0.18491E+05
    0.23044E-01    0.18347E+05
    0.23510E-01    0.18193E+05
    0.23985E-01    0.18031E+05
    0.24469E-01    0.17860E+05
    0.24964E-01    0.17680E+05
    0.25468E-01    0.17493E+05
    0.25982E-01    0.17297E+05
    0.26507E-01    0.17094E+05
    0.27043E-01    0.16884E+05
    0.27589E-01    0.16667E+05
    0.28146E-01    0.16444E+05
    0.28715E-01    0.16214E+05
    0.29295E-01    0.15979E+05
    0.29887E-01    0.15739E+05
    0.30490E-01    0.15495E+05
    0.31106E-01    0.15246E+05
    0.31735E-01    0.14995E+05
    0.32376E-01    0.14740E+05
    0.33030E-01    0.14484E+05
    0.33697E-01    0.14227E+05
    0.34378E-01    0.13968E+05
    0.35072E-01    0.13710E+05
    0.35781E-01    0.13453E+05
    0.36504E-01    0.13198E+05
    0.37241E-01    0.12943E+05
    0.37993E-01    0.12690E+05
    0.38761E-01    0.12440E+05
    0.39544E-01    0.12193E+05
    0.40343E-01    0.11951E+05
    0.41158E-01    0.11714E+05
    0.41989E-01    0.11484E+05
    0.42838E-01    0.11261E+05
    0.43703E-01    0.11046E+05
    0.44586E-01    0.10838E+05
    0.45486E-01    0.10638E+05
    0.46405E-01    0.10446E+05
    0.47343E-01    0.10262E+05
    0.48299E-01    0.10087E+05
    0.49275E-01    0.99186E+04
    0.50270E-01    0.97580E+04
    0.51286E-01    0.96043E+04
    0.52322E-01    0.94571E+04
    0.53379E-01    0.93158E+04
    0.54457E-01    0.91797E+04
    0.55557E-01    0.90486E+04
    0.56680E-01    0.89210E+04
    0.57825E-01    0.87960E+04
    0.58993E-01    0.86769E+04
    0.60184E-01    0.85647E+04
    0.61400E-01    0.84533E+04
    0.62641E-01    0.83379E+04
    0.63906E-01    0.82193E+04
    0.65197E-01    0.80990E+04
    0.66514E-01    0.79760E+04
    0.67858E-01    0.78479E+04
    0.69229E-01    0.77133E+04
    0.70627E-01    0.75713E+04
    0.72054E-01    0.74212E+04
    0.73510E-01    0.72622E+04
    0.74994E-01    0.70942E+04
    0.76509E-01    0.69174E+04
    0.78055E-01    0.67324E+04
    0.79632E-01    0.65401E+04
    0.81241E-01    0.63420E+04
    0.82882E-01    0.61396E+04
    0.84556E-01    0.59348E+04
    0.86264E-01    0.57293E+04
    0.88007E-01    0.55251E+04
    0.89785E-01    0.53239E+04
    0.91598E-01    0.51275E+04
    0.93449E-01    0.49375E+04
    0.95337E-01    0.47555E+04
    0.97263E-01    0.45829E+04
    0.99227E-01    0.44212E+04
    0.10123E+00    0.42714E+04
    0.10328E+00    0.41343E+04
    0.10536E+00    0.40104E+04
    0.10749E+00    0.38996E+04
    0.10966E+00    0.38013E+04
    0.11188E+00    0.37144E+04
    0.11414E+00    0.36374E+04
    0.11644E+00    0.35683E+04
    0.11880E+00    0.35048E+04
    0.12120E+00    0.34442E+04
    0.12365E+00    0.33839E+04
    0.12614E+00    0.33209E+04
    0.12869E+00    0.32529E+04
    0.13129E+00    0.31776E+04
    0.13394E+00    0.30939E+04
    0.13665E+00    0.30013E+04
    0.13941E+00    0.29005E+04
    0.14223E+00    0.27932E+04
    0.14510E+00    0.26814E+04
    0.14803E+00    0.25675E+04
    0.15102E+00    0.24542E+04
    0.15407E+00    0.23440E+04
    0.15718E+00    0.22393E+04
    0.16036E+00    0.21426E+04
    0.16360E+00    0.20559E+04
    0.16690E+00    0.19803E+04
    0.17028E+00    0.19159E+04
    0.17371E+00    0.18614E+04
    0.17722E+00    0.18147E+04
    0.18080E+00    0.17732E+04
    0.18446E+00    0.17341E+04
    0.18818E+00    0.16949E+04
    0.19198E+00    0.16533E+04
    0.19586E+00    0.16072E+04
    0.19982E+00    0.15555E+04
    0.20386E+00    0.14982E+04
    0.20797E+00    0.14366E+04
    0.21218E+00    0.13728E+04
    0.21646E+00    0.13095E+04
    0.22083E+00    0.12492E+04
    0.22530E+00    0.11938E+04
    0.22985E+00    0.11450E+04
    0.23449E+00    0.11030E+04
    0.23923E+00    0.10673E+04
    0.24406E+00    0.10363E+04
    0.24899E+00    0.10076E+04
    0.25402E+00    0.97907E+03
    0.25915E+00    0.94890E+03
    0.26439E+00    0.91615E+03
    0.26973E+00    0.88063E+03
    0.27518E+00    0.84328E+03
    0.28074E+00    0.80568E+03
    0.28641E+00    0.76956E+03
    0.29219E+00    0.73652E+03
    0.29810E+00    0.70714E+03
    0.30412E+00    0.68135E+03
    0.31026E+00    0.65821E+03
    0.31653E+00    0.63646E+03
    0.32292E+00    0.61483E+03
    0.32945E+00    0.59229E+03
    0.33610E+00    0.56876E+03
    0.34289E+00    0.54465E+03
    0.34982E+00    0.52097E+03
    0.35689E+00    0.49875E+03
    0.36409E+00    0.47839E+03
    0.37145E+00    0.45996E+03
    0.37895E+00    0.44286E+03
    0.38661E+00    0.42640E+03
    0.39442E+00    0.41003E+03
    0.40239E+00    0.39344E+03
    0.41052E+00    0.37691E+03
    0.41881E+00    0.36086E+03
    0.42727E+00    0.34572E+03
    0.43590E+00    0.33170E+03
    0.44471E+00    0.31854E+03
    0.45369E+00    0.30593E+03
    0.46286E+00    0.29357E+03
    0.47221E+00    0.28135E+03
    0.48174E+00    0.26946E+03
    0.49148E+00    0.25809E+03
    0.50141E+00    0.24732E+03
    0.51153E+00    0.23714E+03
    0.52187E+00    0.22737E+03
    0.53241E+00    0.21788E+03
    0.54317E+00    0.20868E+03
    0.55414E+00    0.19979E+03
    0.56533E+00    0.19131E+03
    0.57675E+00    0.18324E+03
    0.58840E+00    0.17550E+03
    0.60029E+00    0.16804E+03
    0.61242E+00    0.16085E+03
    0.62479E+00    0.15394E+03
    0.63741E+00    0.14733E+03
    0.65029E+00    0.14101E+03
    0.66342E+00    0.13495E+03
    0.67683E+00    0.12913E+03
    0.69050E+00    0.12354E+03
    0.70445E+00    0.11818E+03
    0.71868E+00    0.11304E+03
    0.73320E+00    0.10811E+03
    0.74801E+00    0.10339E+03
    0.76312E+00    0.98854E+02
    0.77854E+00    0.94511E+02
    0.79426E+00    0.90350E+02
    0.81031E+00    0.86364E+02
    0.82668E+00    0.82547E+02
    0.84338E+00    0.78891E+02
    0.86041E+00    0.75392E+02
    0.87780E+00    0.72041E+02
    0.89553E+00    0.68834E+02
    0.91362E+00    0.65763E+02
    0.93208E+00    0.62825E+02
    0.95091E+00    0.60012E+02
    0.97011E+00    0.57320E+02
    0.98971E+00    0.54744E+02
    0.10097E+01    0.52280E+02
    0.10301E+01    0.49921E+02
    0.10509E+01    0.47666E+02
    0.10721E+01    0.45508E+02
    0.10938E+01    0.43443E+02
    0.11159E+01    0.41469E+02
    0.11384E+01    0.39582E+02
    0.11614E+01    0.37777E+02
    0.11849E+01    0.36052E+02
    0.12088E+01    0.34402E+02
    0.12333E+01    0.32825E+02
    0.12582E+01    0.31319E+02
    0.12836E+01    0.29879E+02
    0.13095E+01    0.28503E+02
    0.13360E+01    0.27188E+02
    0.13630E+01    0.25932E+02
    0.13905E+01    0.24732E+02
    0.14186E+01    0.23586E+02
    0.14472E+01    0.22492E+02
    0.14765E+01    0.21446E+02
    0.15063E+01    0.20448E+02
    0.15367E+01    0.19495E+02
    0.15678E+01    0.18585E+02
    0.15994E+01    0.17716E+02
    0.16318E+01    0.16886E+02
    0.16647E+01    0.16095E+02
    0.16984E+01    0.15339E+02
    0.17327E+01    0.14618E+02
    0.17677E+01    0.13930E+02
    0.18034E+01    0.13273E+02
    0.18398E+01    0.12647E+02
    0.18770E+01    0.12049E+02
    0.19149E+01    0.11479E+02
    0.19536E+01    0.10935E+02
    0.19930E+01    0.10416E+02
    0.20333E+01    0.99208E+01
    0.20744E+01    0.94489E+01
    0.21163E+01    0.89988E+01
    0.21590E+01    0.85697E+01
    0.22026E+01    0.81605E+01
    0.22471E+01    0.77703E+01
    0.22925E+01    0.73984E+01
    0.23388E+01    0.70439E+01
    0.23861E+01    0.67059E+01
    0.24343E+01    0.63838E+01
    0.24835E+01    0.60768E+01
    0.25336E+01    0.57843E+01
    0.25848E+01    0.55055E+01
    0.26370E+01    0.52398E+01
    0.26903E+01    0.49867E+01
    0.27447E+01    0.47456E+01
    0.28001E+01    0.45159E+01
    0.28567E+01    0.42970E+01
    0.29144E+01    0.40885E+01
    0.29733E+01    0.38900E+01
    0.30333E+01    0.37009E+01
    0.30946E+01    0.35207E+01
    0.31571E+01    0.33492E+01
    0.32209E+01    0.31859E+01
    0.32860E+01    0.30304E+01
    0.33523E+01    0.28823E+01
    0.34201E+01    0.27413E+01
    0.34892E+01    0.26071E+01
    0.35596E+01    0.24793E+01
    0.36316E+01    0.23577E+01
    0.37049E+01    0.22419E+01
    0.37798E+01    0.21317E+01
    0.38561E+01    0.20269E+01
    0.39340E+01    0.19271E+01
    0.40135E+01    0.18321E+01
    0.40946E+01    0.17417E+01
    0.41773E+01    0.16557E+01
    0.42617E+01    0.15739E+01
    0.43478E+01    0.14960E+01
    0.44356E+01    0.14220E+01
    0.45252E+01    0.13515E+01
    0.46166E+01    0.12845E+01
    0.47099E+01    0.12207E+01
    0.48050E+01    0.11601E+01
    0.49021E+01    0.11024E+01
    0.50011E+01    0.10475E+01
    0.51021E+01    0.99537E+00
    0.52052E+01    0.94576E+00
    0.53104E+01    0.89858E+00
    0.54176E+01    0.85372E+00
    0.55271E+01    0.81106E+00
    0.56387E+01    0.77051E+00
    0.57526E+01    0.73195E+00
    0.58689E+01    0.69529E+00
    0.59874E+01    0.66044E+00
    0.61084E+01    0.62731E+00
    0.62318E+01    0.59582E+00
    0.63577E+01    0.56589E+00
    0.64861E+01    0.53744E+00
    0.66171E+01    0.51040E+00
    0.67508E+01    0.48470E+00
    0.68872E+01    0.46028E+00
    0.70263E+01    0.43707E+00
    0.71682E+01    0.41502E+00
    0.73130E+01    0.39406E+00
    0.74608E+01    0.37415E+00
    0.76115E+01    0.35524E+00
    0.77653E+01    0.33727E+00
    0.79221E+01    0.32019E+00
    0.80822E+01    0.30397E+00
    0.82454E+01    0.28856E+00
    0.84120E+01    0.27392E+00
    0.85819E+01    0.26002E+00
    0.87553E+01    0.24681E+00
    0.89322E+01    0.23426E+00
    0.91126E+01    0.22234E+00
    0.92967E+01    0.21102E+00
    0.94845E+01    0.20027E+00
    0.96761E+01    0.19005E+00
    0.98716E+01    0.18035E+00
    0.10071E+02    0.17114E+00
    0.10274E+02    0.16240E+00
    0.10482E+02    0.15410E+00
    0.10694E+02    0.14621E+00
    0.10910E+02    0.13873E+00
    0.11130E+02    0.13163E+00
    0.11355E+02    0.12490E+00
    0.11584E+02    0.11850E+00
