#           k/h    P           
    0.10000E-03    0.63382E+02
    0.10202E-03    0.64611E+02
    0.10408E-03    0.65863E+02
    0.10618E-03    0.67139E+02
    0.10833E-03    0.68440E+02
    0.11052E-03    0.69766E+02
    0.11275E-03    0.71118E+02
    0.11503E-03    0.72496E+02
    0.11735E-03    0.73901E+02
    0.11972E-03    0.75333E+02
    0.12214E-03    0.76792E+02
    0.12461E-03    0.78280E+02
    0.12712E-03    0.79797E+02
    0.12969E-03    0.81343E+02
    0.13231E-03    0.82918E+02
    0.13499E-03    0.84525E+02
    0.13771E-03    0.86162E+02
    0.14049E-03    0.87831E+02
    0.14333E-03    0.89533E+02
    0.14623E-03    0.91267E+02
    0.14918E-03    0.93035E+02
    0.15220E-03    0.94837E+02
    0.15527E-03    0.96674E+02
    0.15841E-03    0.98546E+02
    0.16161E-03    0.10045E+03
    0.16487E-03    0.10240E+03
    0.16820E-03    0.10438E+03
    0.17160E-03    0.10640E+03
    0.17507E-03    0.10846E+03
    0.17860E-03    0.11056E+03
    0.18221E-03    0.11271E+03
    0.18589E-03    0.11489E+03
    0.18965E-03    0.11711E+03
    0.19348E-03    0.11938E+03
    0.19739E-03    0.12169E+03
    0.20138E-03    0.12405E+03
    0.20544E-03    0.12645E+03
    0.20959E-03    0.12889E+03
    0.21383E-03    0.13139E+03
    0.21815E-03    0.13393E+03
    0.22255E-03    0.13652E+03
    0.22705E-03    0.13916E+03
    0.23164E-03    0.14186E+03
    0.23632E-03    0.14460E+03
    0.24109E-03    0.14740E+03
    0.24596E-03    0.15025E+03
    0.25093E-03    0.15316E+03
    0.25600E-03    0.15612E+03
    0.26117E-03    0.15914E+03
    0.26645E-03    0.16221E+03
    0.27183E-03    0.16535E+03
    0.27732E-03    0.16855E+03
    0.28292E-03    0.17180E+03
    0.28864E-03    0.17512E+03
    0.29447E-03    0.17851E+03
    0.30042E-03    0.18196E+03
    0.30649E-03    0.18547E+03
    0.31268E-03    0.18906E+03
    0.31899E-03    0.19271E+03
    0.32544E-03    0.19643E+03
    0.33201E-03    0.20022E+03
    0.33872E-03    0.20409E+03
    0.34556E-03    0.20802E+03
    0.35254E-03    0.21204E+03
    0.35966E-03    0.21613E+03
    0.36693E-03    0.22030E+03
    0.37434E-03    0.22455E+03
    0.38190E-03    0.22888E+03
    0.38962E-03    0.23329E+03
    0.39749E-03    0.23779E+03
    0.40552E-03    0.24237E+03
    0.41371E-03    0.24704E+03
    0.42207E-03    0.25179E+03
    0.43060E-03    0.25664E+03
    0.43929E-03    0.26158E+03
    0.44817E-03    0.26662E+03
    0.45722E-03    0.27175E+03
    0.46646E-03    0.27697E+03
    0.47588E-03    0.28230E+03
    0.48550E-03    0.28772E+03
    0.49530E-03    0.29325E+03
    0.50531E-03    0.29888E+03
    0.51552E-03    0.30462E+03
    0.52593E-03    0.31047E+03
    0.53656E-03    0.31642E+03
    0.54739E-03    0.32249E+03
    0.55845E-03    0.32867E+03
    0.56973E-03    0.33497E+03
    0.58124E-03    0.34138E+03
    0.59299E-03    0.34792E+03
    0.60496E-03    0.35457E+03
    0.61719E-03    0.36135E+03
    0.62965E-03    0.36826E+03
    0.64237E-03    0.37529E+03
    0.65535E-03    0.38245E+03
    0.66859E-03    0.38975E+03
    0.68210E-03    0.39718E+03
    0.69588E-03    0.40475E+03
    0.70993E-03    0.41246E+03
    0.72427E-03    0.42030E+03
    0.73891E-03    0.42830E+03
    0.75383E-03    0.43643E+03
    0.76906E-03    0.44472E+03
    0.78460E-03    0.45316E+03
    0.80045E-03    0.46175E+03
    0.81662E-03    0.47049E+03
    0.83311E-03    0.47940E+03
    0.84994E-03    0.48846E+03
    0.86711E-03    0.49769E+03
    0.88463E-03    0.50708E+03
    0.90250E-03    0.51664E+03
    0.92073E-03    0.52638E+03
    0.93933E-03    0.53628E+03
    0.95831E-03    0.54636E+03
    0.97767E-03    0.55662E+03
    0.99742E-03    0.56706E+03
    0.10176E-02    0.57768E+03
    0.10381E-02    0.58849E+03
    0.10591E-02    0.59949E+03
    0.10805E-02    0.61068E+03
    0.11023E-02    0.62207E+03
    0.11246E-02    0.63365E+03
    0.11473E-02    0.64543E+03
    0.11705E-02    0.65741E+03
    0.11941E-02    0.66960E+03
    0.12182E-02    0.68200E+03
    0.12429E-02    0.69460E+03
    0.12680E-02    0.70742E+03
    0.12936E-02    0.72046E+03
    0.13197E-02    0.73371E+03
    0.13464E-02    0.74719E+03
    0.13736E-02    0.76089E+03
    0.14013E-02    0.77481E+03
    0.14296E-02    0.78897E+03
    0.14585E-02    0.80335E+03
    0.14880E-02    0.81797E+03
    0.15180E-02    0.83283E+03
    0.15487E-02    0.84793E+03
    0.15800E-02    0.86327E+03
    0.16119E-02    0.87886E+03
    0.16445E-02    0.89469E+03
    0.16777E-02    0.91077E+03
    0.17116E-02    0.92711E+03
    0.17462E-02    0.94370E+03
    0.17814E-02    0.96054E+03
    0.18174E-02    0.97764E+03
    0.18541E-02    0.99501E+03
    0.18916E-02    0.10126E+04
    0.19298E-02    0.10305E+04
    0.19688E-02    0.10487E+04
    0.20086E-02    0.10671E+04
    0.20491E-02    0.10858E+04
    0.20905E-02    0.11048E+04
    0.21328E-02    0.11240E+04
    0.21758E-02    0.11435E+04
    0.22198E-02    0.11633E+04
    0.22646E-02    0.11834E+04
    0.23104E-02    0.12037E+04
    0.23571E-02    0.12244E+04
    0.24047E-02    0.12453E+04
    0.24533E-02    0.12665E+04
    0.25028E-02    0.12879E+04
    0.25534E-02    0.13097E+04
    0.26050E-02    0.13317E+04
    0.26576E-02    0.13540E+04
    0.27113E-02    0.13766E+04
    0.27660E-02    0.13995E+04
    0.28219E-02    0.14227E+04
    0.28789E-02    0.14461E+04
    0.29371E-02    0.14699E+04
    0.29964E-02    0.14939E+04
    0.30569E-02    0.15182E+04
    0.31187E-02    0.15427E+04
    0.31817E-02    0.15676E+04
    0.32460E-02    0.15927E+04
    0.33115E-02    0.16180E+04
    0.33784E-02    0.16437E+04
    0.34467E-02    0.16696E+04
    0.35163E-02    0.16958E+04
    0.35874E-02    0.17222E+04
    0.36598E-02    0.17489E+04
    0.37338E-02    0.17759E+04
    0.38092E-02    0.18031E+04
    0.38861E-02    0.18305E+04
    0.39646E-02    0.18582E+04
    0.40447E-02    0.18861E+04
    0.41264E-02    0.19142E+04
    0.42098E-02    0.19426E+04
    0.42948E-02    0.19712E+04
    0.43816E-02    0.20000E+04
    0.44701E-02    0.20290E+04
    0.45604E-02    0.20582E+04
    0.46525E-02    0.20875E+04
    0.47465E-02    0.21171E+04
    0.48424E-02    0.21468E+04
    0.49402E-02    0.21767E+04
    0.50400E-02    0.22068E+04
    0.51419E-02    0.22370E+04
    0.52457E-02    0.22673E+04
    0.53517E-02    0.22978E+04
    0.54598E-02    0.23283E+04
    0.55701E-02    0.23590E+04
    0.56826E-02    0.23897E+04
    0.57974E-02    0.24205E+04
    0.59145E-02    0.24515E+04
    0.60340E-02    0.24824E+04
    0.61559E-02    0.25134E+04
    0.62803E-02    0.25444E+04
    0.64072E-02    0.25754E+04
    0.65366E-02    0.26063E+04
    0.66686E-02    0.26372E+04
    0.68033E-02    0.26681E+04
    0.69408E-02    0.26989E+04
    0.70810E-02    0.27296E+04
    0.72240E-02    0.27601E+04
    0.73700E-02    0.27906E+04
    0.75189E-02    0.28209E+04
    0.76708E-02    0.28510E+04
    0.78257E-02    0.28809E+04
    0.79838E-02    0.29106E+04
    0.81451E-02    0.29400E+04
    0.83096E-02    0.29692E+04
    0.84775E-02    0.29981E+04
    0.86488E-02    0.30267E+04
    0.88235E-02    0.30550E+04
    0.90017E-02    0.30828E+04
    0.91836E-02    0.31103E+04
    0.93691E-02    0.31374E+04
    0.95583E-02    0.31640E+04
    0.97514E-02    0.31901E+04
    0.99484E-02    0.32157E+04
    0.10149E-01    0.32407E+04
    0.10354E-01    0.32652E+04
    0.10564E-01    0.32890E+04
    0.10777E-01    0.33122E+04
    0.10995E-01    0.33347E+04
    0.11217E-01    0.33565E+04
    0.11443E-01    0.33775E+04
    0.11675E-01    0.33977E+04
    0.11910E-01    0.34172E+04
    0.12151E-01    0.34357E+04
    0.12397E-01    0.34534E+04
    0.12647E-01    0.34701E+04
    0.12902E-01    0.34859E+04
    0.13163E-01    0.35006E+04
    0.13429E-01    0.35143E+04
    0.13700E-01    0.35269E+04
    0.13977E-01    0.35383E+04
    0.14259E-01    0.35487E+04
    0.14547E-01    0.35578E+04
    0.14841E-01    0.35656E+04
    0.15141E-01    0.35722E+04
    0.15447E-01    0.35775E+04
    0.15759E-01    0.35814E+04
    0.16077E-01    0.35839E+04
    0.16402E-01    0.35850E+04
    0.16734E-01    0.35846E+04
    0.17072E-01    0.35828E+04
    0.17416E-01    0.35794E+04
    0.17768E-01    0.35745E+04
    0.18127E-01    0.35680E+04
    0.18493E-01    0.35600E+04
    0.18867E-01    0.35503E+04
    0.19248E-01    0.35389E+04
    0.19637E-01    0.35260E+04
    0.20034E-01    0.35113E+04
    0.20438E-01    0.34950E+04
    0.20851E-01    0.34770E+04
    0.21272E-01    0.34572E+04
    0.21702E-01    0.34359E+04
    0.22141E-01    0.34128E+04
    0.22588E-01    0.33880E+04
    0.23044E-01    0.33616E+04
    0.23510E-01    0.33336E+04
    0.23985E-01    0.33039E+04
    0.24469E-01    0.32727E+04
    0.24964E-01    0.32400E+04
    0.25468E-01    0.32057E+04
    0.25982E-01    0.31700E+04
    0.26507E-01    0.31329E+04
    0.27043E-01    0.30945E+04
    0.27589E-01    0.30548E+04
    0.28146E-01    0.30139E+04
    0.28715E-01    0.29719E+04
    0.29295E-01    0.29290E+04
    0.29887E-01    0.28851E+04
    0.30490E-01    0.28403E+04
    0.31106E-01    0.27949E+04
    0.31735E-01    0.27488E+04
    0.32376E-01    0.27023E+04
    0.33030E-01    0.26554E+04
    0.33697E-01    0.26083E+04
    0.34378E-01    0.25610E+04
    0.35072E-01    0.25138E+04
    0.35781E-01    0.24667E+04
    0.36504E-01    0.24199E+04
    0.37241E-01    0.23734E+04
    0.37993E-01    0.23270E+04
    0.38761E-01    0.22811E+04
    0.39544E-01    0.22359E+04
    0.40343E-01    0.21916E+04
    0.41158E-01    0.21483E+04
    0.41989E-01    0.21062E+04
    0.42838E-01    0.20654E+04
    0.43703E-01    0.20259E+04
    0.44586E-01    0.19878E+04
    0.45486E-01    0.19512E+04
    0.46405E-01    0.19160E+04
    0.47343E-01    0.18824E+04
    0.48299E-01    0.18502E+04
    0.49275E-01    0.18194E+04
    0.50270E-01    0.17900E+04
    0.51286E-01    0.17619E+04
    0.52322E-01    0.17349E+04
    0.53379E-01    0.17090E+04
    0.54457E-01    0.16841E+04
    0.55557E-01    0.16601E+04
    0.56680E-01    0.16367E+04
    0.57825E-01    0.16138E+04
    0.58993E-01    0.15920E+04
    0.60184E-01    0.15715E+04
    0.61400E-01    0.15511E+04
    0.62641E-01    0.15299E+04
    0.63906E-01    0.15082E+04
    0.65197E-01    0.14862E+04
    0.66514E-01    0.14636E+04
    0.67858E-01    0.14401E+04
    0.69229E-01    0.14155E+04
    0.70627E-01    0.13894E+04
    0.72054E-01    0.13619E+04
    0.73510E-01    0.13328E+04
    0.74994E-01    0.13020E+04
    0.76509E-01    0.12695E+04
    0.78055E-01    0.12356E+04
    0.79632E-01    0.12003E+04
    0.81241E-01    0.11640E+04
    0.82882E-01    0.11269E+04
    0.84556E-01    0.10893E+04
    0.86264E-01    0.10516E+04
    0.88007E-01    0.10141E+04
    0.89785E-01    0.97722E+03
    0.91598E-01    0.94118E+03
    0.93449E-01    0.90632E+03
    0.95337E-01    0.87292E+03
    0.97263E-01    0.84127E+03
    0.99227E-01    0.81159E+03
    0.10123E+00    0.78410E+03
    0.10328E+00    0.75895E+03
    0.10536E+00    0.73621E+03
    0.10749E+00    0.71587E+03
    0.10966E+00    0.69784E+03
    0.11188E+00    0.68190E+03
    0.11414E+00    0.66777E+03
    0.11644E+00    0.65510E+03
    0.11880E+00    0.64344E+03
    0.12120E+00    0.63233E+03
    0.12365E+00    0.62125E+03
    0.12614E+00    0.60971E+03
    0.12869E+00    0.59722E+03
    0.13129E+00    0.58341E+03
    0.13394E+00    0.56804E+03
    0.13665E+00    0.55104E+03
    0.13941E+00    0.53255E+03
    0.14223E+00    0.51284E+03
    0.14510E+00    0.49232E+03
    0.14803E+00    0.47143E+03
    0.15102E+00    0.45063E+03
    0.15407E+00    0.43038E+03
    0.15718E+00    0.41117E+03
    0.16036E+00    0.39342E+03
    0.16360E+00    0.37750E+03
    0.16690E+00    0.36362E+03
    0.17028E+00    0.35179E+03
    0.17371E+00    0.34179E+03
    0.17722E+00    0.33322E+03
    0.18080E+00    0.32560E+03
    0.18446E+00    0.31843E+03
    0.18818E+00    0.31123E+03
    0.19198E+00    0.30359E+03
    0.19586E+00    0.29513E+03
    0.19982E+00    0.28564E+03
    0.20386E+00    0.27512E+03
    0.20797E+00    0.26380E+03
    0.21218E+00    0.25209E+03
    0.21646E+00    0.24047E+03
    0.22083E+00    0.22940E+03
    0.22530E+00    0.21923E+03
    0.22985E+00    0.21026E+03
    0.23449E+00    0.20256E+03
    0.23923E+00    0.19600E+03
    0.24406E+00    0.19031E+03
    0.24899E+00    0.18504E+03
    0.25402E+00    0.17980E+03
    0.25915E+00    0.17426E+03
    0.26439E+00    0.16825E+03
    0.26973E+00    0.16172E+03
    0.27518E+00    0.15486E+03
    0.28074E+00    0.14796E+03
    0.28641E+00    0.14133E+03
    0.29219E+00    0.13526E+03
    0.29810E+00    0.12987E+03
    0.30412E+00    0.12513E+03
    0.31026E+00    0.12088E+03
    0.31653E+00    0.11689E+03
    0.32292E+00    0.11291E+03
    0.32945E+00    0.10878E+03
    0.33610E+00    0.10445E+03
    0.34289E+00    0.10003E+03
    0.34982E+00    0.95678E+02
    0.35689E+00    0.91597E+02
    0.36409E+00    0.87859E+02
    0.37145E+00    0.84474E+02
    0.37895E+00    0.81334E+02
    0.38661E+00    0.78311E+02
    0.39442E+00    0.75305E+02
    0.40239E+00    0.72257E+02
    0.41052E+00    0.69222E+02
    0.41881E+00    0.66275E+02
    0.42727E+00    0.63494E+02
    0.43590E+00    0.60919E+02
    0.44471E+00    0.58502E+02
    0.45369E+00    0.56186E+02
    0.46286E+00    0.53917E+02
    0.47221E+00    0.51673E+02
    0.48174E+00    0.49489E+02
    0.49148E+00    0.47400E+02
    0.50141E+00    0.45422E+02
    0.51153E+00    0.43553E+02
    0.52187E+00    0.41758E+02
    0.53241E+00    0.40016E+02
    0.54317E+00    0.38325E+02
    0.55414E+00    0.36694E+02
    0.56533E+00    0.35136E+02
    0.57675E+00    0.33654E+02
    0.58840E+00    0.32232E+02
    0.60029E+00    0.30862E+02
    0.61242E+00    0.29542E+02
    0.62479E+00    0.28273E+02
    0.63741E+00    0.27059E+02
    0.65029E+00    0.25898E+02
    0.66342E+00    0.24785E+02
    0.67683E+00    0.23716E+02
    0.69050E+00    0.22690E+02
    0.70445E+00    0.21706E+02
    0.71868E+00    0.20762E+02
    0.73320E+00    0.19856E+02
    0.74801E+00    0.18988E+02
    0.76312E+00    0.18156E+02
    0.77854E+00    0.17358E+02
    0.79426E+00    0.16594E+02
    0.81031E+00    0.15862E+02
    0.82668E+00    0.15161E+02
    0.84338E+00    0.14490E+02
    0.86041E+00    0.13847E+02
    0.87780E+00    0.13231E+02
    0.89553E+00    0.12642E+02
    0.91362E+00    0.12078E+02
    0.93208E+00    0.11539E+02
    0.95091E+00    0.11022E+02
    0.97011E+00    0.10528E+02
    0.98971E+00    0.10055E+02
    0.10097E+01    0.96019E+01
    0.10301E+01    0.91688E+01
    0.10509E+01    0.87545E+01
    0.10721E+01    0.83581E+01
    0.10938E+01    0.79790E+01
    0.11159E+01    0.76165E+01
    0.11384E+01    0.72698E+01
    0.11614E+01    0.69383E+01
    0.11849E+01    0.66214E+01
    0.12088E+01    0.63185E+01
    0.12333E+01    0.60289E+01
    0.12582E+01    0.57522E+01
    0.12836E+01    0.54877E+01
    0.13095E+01    0.52350E+01
    0.13360E+01    0.49935E+01
    0.13630E+01    0.47628E+01
    0.13905E+01    0.45425E+01
    0.14186E+01    0.43320E+01
    0.14472E+01    0.41309E+01
    0.14765E+01    0.39389E+01
    0.15063E+01    0.37556E+01
    0.15367E+01    0.35805E+01
    0.15678E+01    0.34134E+01
    0.15994E+01    0.32538E+01
    0.16318E+01    0.31015E+01
    0.16647E+01    0.29561E+01
    0.16984E+01    0.28173E+01
    0.17327E+01    0.26848E+01
    0.17677E+01    0.25584E+01
    0.18034E+01    0.24378E+01
    0.18398E+01    0.23228E+01
    0.18770E+01    0.22130E+01
    0.19149E+01    0.21082E+01
    0.19536E+01    0.20083E+01
    0.19930E+01    0.19130E+01
    0.20333E+01    0.18221E+01
    0.20744E+01    0.17354E+01
    0.21163E+01    0.16528E+01
    0.21590E+01    0.15740E+01
    0.22026E+01    0.14988E+01
    0.22471E+01    0.14272E+01
    0.22925E+01    0.13588E+01
    0.23388E+01    0.12937E+01
    0.23861E+01    0.12317E+01
    0.24343E+01    0.11725E+01
    0.24835E+01    0.11161E+01
    0.25336E+01    0.10624E+01
    0.25848E+01    0.10112E+01
    0.26370E+01    0.96238E+00
    0.26903E+01    0.91590E+00
    0.27447E+01    0.87161E+00
    0.28001E+01    0.82941E+00
    0.28567E+01    0.78922E+00
    0.29144E+01    0.75093E+00
    0.29733E+01    0.71446E+00
    0.30333E+01    0.67972E+00
    0.30946E+01    0.64664E+00
    0.31571E+01    0.61514E+00
    0.32209E+01    0.58514E+00
    0.32860E+01    0.55658E+00
    0.33523E+01    0.52938E+00
    0.34201E+01    0.50349E+00
    0.34892E+01    0.47884E+00
    0.35596E+01    0.45537E+00
    0.36316E+01    0.43303E+00
    0.37049E+01    0.41177E+00
    0.37798E+01    0.39153E+00
    0.38561E+01    0.37227E+00
    0.39340E+01    0.35394E+00
    0.40135E+01    0.33649E+00
    0.40946E+01    0.31989E+00
    0.41773E+01    0.30410E+00
    0.42617E+01    0.28907E+00
    0.43478E+01    0.27477E+00
    0.44356E+01    0.26117E+00
    0.45252E+01    0.24823E+00
    0.46166E+01    0.23592E+00
    0.47099E+01    0.22421E+00
    0.48050E+01    0.21307E+00
    0.49021E+01    0.20247E+00
    0.50011E+01    0.19240E+00
    0.51021E+01    0.18282E+00
    0.52052E+01    0.17370E+00
    0.53104E+01    0.16504E+00
    0.54176E+01    0.15680E+00
    0.55271E+01    0.14897E+00
    0.56387E+01    0.14152E+00
    0.57526E+01    0.13443E+00
    0.58689E+01    0.12770E+00
    0.59874E+01    0.12130E+00
    0.61084E+01    0.11522E+00
    0.62318E+01    0.10943E+00
    0.63577E+01    0.10393E+00
    0.64861E+01    0.98710E-01
    0.66171E+01    0.93743E-01
    0.67508E+01    0.89023E-01
    0.68872E+01    0.84538E-01
    0.70263E+01    0.80275E-01
    0.71682E+01    0.76225E-01
    0.73130E+01    0.72377E-01
    0.74608E+01    0.68720E-01
    0.76115E+01    0.65246E-01
    0.77653E+01    0.61945E-01
    0.79221E+01    0.58809E-01
    0.80822E+01    0.55830E-01
    0.82454E+01    0.52999E-01
    0.84120E+01    0.50311E-01
    0.85819E+01    0.47757E-01
    0.87553E+01    0.45331E-01
    0.89322E+01    0.43026E-01
    0.91126E+01    0.40837E-01
    0.92967E+01    0.38757E-01
    0.94845E+01    0.36782E-01
    0.96761E+01    0.34906E-01
    0.98716E+01    0.33125E-01
    0.10071E+02    0.31433E-01
    0.10274E+02    0.29827E-01
    0.10482E+02    0.28302E-01
    0.10694E+02    0.26855E-01
    0.10910E+02    0.25481E-01
    0.11130E+02    0.24177E-01
    0.11355E+02    0.22939E-01
    0.11584E+02    0.21765E-01
