#           k/h    P           
    0.10000E-03    0.99589E+02
    0.10202E-03    0.10152E+03
    0.10408E-03    0.10349E+03
    0.10618E-03    0.10549E+03
    0.10833E-03    0.10754E+03
    0.11052E-03    0.10962E+03
    0.11275E-03    0.11174E+03
    0.11503E-03    0.11391E+03
    0.11735E-03    0.11611E+03
    0.11972E-03    0.11836E+03
    0.12214E-03    0.12066E+03
    0.12461E-03    0.12299E+03
    0.12712E-03    0.12538E+03
    0.12969E-03    0.12781E+03
    0.13231E-03    0.13028E+03
    0.13499E-03    0.13281E+03
    0.13771E-03    0.13538E+03
    0.14049E-03    0.13800E+03
    0.14333E-03    0.14067E+03
    0.14623E-03    0.14340E+03
    0.14918E-03    0.14618E+03
    0.15220E-03    0.14901E+03
    0.15527E-03    0.15189E+03
    0.15841E-03    0.15483E+03
    0.16161E-03    0.15783E+03
    0.16487E-03    0.16089E+03
    0.16820E-03    0.16400E+03
    0.17160E-03    0.16718E+03
    0.17507E-03    0.17042E+03
    0.17860E-03    0.17371E+03
    0.18221E-03    0.17708E+03
    0.18589E-03    0.18051E+03
    0.18965E-03    0.18400E+03
    0.19348E-03    0.18756E+03
    0.19739E-03    0.19119E+03
    0.20138E-03    0.19489E+03
    0.20544E-03    0.19866E+03
    0.20959E-03    0.20251E+03
    0.21383E-03    0.20643E+03
    0.21815E-03    0.21042E+03
    0.22255E-03    0.21449E+03
    0.22705E-03    0.21864E+03
    0.23164E-03    0.22287E+03
    0.23632E-03    0.22718E+03
    0.24109E-03    0.23157E+03
    0.24596E-03    0.23605E+03
    0.25093E-03    0.24061E+03
    0.25600E-03    0.24527E+03
    0.26117E-03    0.25001E+03
    0.26645E-03    0.25484E+03
    0.27183E-03    0.25977E+03
    0.27732E-03    0.26479E+03
    0.28292E-03    0.26990E+03
    0.28864E-03    0.27512E+03
    0.29447E-03    0.28043E+03
    0.30042E-03    0.28585E+03
    0.30649E-03    0.29137E+03
    0.31268E-03    0.29699E+03
    0.31899E-03    0.30273E+03
    0.32544E-03    0.30857E+03
    0.33201E-03    0.31453E+03
    0.33872E-03    0.32060E+03
    0.34556E-03    0.32678E+03
    0.35254E-03    0.33308E+03
    0.35966E-03    0.33951E+03
    0.36693E-03    0.34605E+03
    0.37434E-03    0.35273E+03
    0.38190E-03    0.35952E+03
    0.38962E-03    0.36645E+03
    0.39749E-03    0.37351E+03
    0.40552E-03    0.38070E+03
    0.41371E-03    0.38803E+03
    0.42207E-03    0.39550E+03
    0.43060E-03    0.40311E+03
    0.43929E-03    0.41087E+03
    0.44817E-03    0.41877E+03
    0.45722E-03    0.42682E+03
    0.46646E-03    0.43503E+03
    0.47588E-03    0.44338E+03
    0.48550E-03    0.45190E+03
    0.49530E-03    0.46058E+03
    0.50531E-03    0.46942E+03
    0.51552E-03    0.47842E+03
    0.52593E-03    0.48760E+03
    0.53656E-03    0.49695E+03
    0.54739E-03    0.50647E+03
    0.55845E-03    0.51617E+03
    0.56973E-03    0.52605E+03
    0.58124E-03    0.53612E+03
    0.59299E-03    0.54638E+03
    0.60496E-03    0.55682E+03
    0.61719E-03    0.56746E+03
    0.62965E-03    0.57830E+03
    0.64237E-03    0.58934E+03
    0.65535E-03    0.60058E+03
    0.66859E-03    0.61203E+03
    0.68210E-03    0.62369E+03
    0.69588E-03    0.63556E+03
    0.70993E-03    0.64766E+03
    0.72427E-03    0.65997E+03
    0.73891E-03    0.67251E+03
    0.75383E-03    0.68528E+03
    0.76906E-03    0.69828E+03
    0.78460E-03    0.71152E+03
    0.80045E-03    0.72500E+03
    0.81662E-03    0.73872E+03
    0.83311E-03    0.75270E+03
    0.84994E-03    0.76692E+03
    0.86711E-03    0.78140E+03
    0.88463E-03    0.79614E+03
    0.90250E-03    0.81114E+03
    0.92073E-03    0.82641E+03
    0.93933E-03    0.84195E+03
    0.95831E-03    0.85777E+03
    0.97767E-03    0.87387E+03
    0.99742E-03    0.89025E+03
    0.10176E-02    0.90692E+03
    0.10381E-02    0.92388E+03
    0.10591E-02    0.94114E+03
    0.10805E-02    0.95870E+03
    0.11023E-02    0.97656E+03
    0.11246E-02    0.99474E+03
    0.11473E-02    0.10132E+04
    0.11705E-02    0.10320E+04
    0.11941E-02    0.10512E+04
    0.12182E-02    0.10706E+04
    0.12429E-02    0.10904E+04
    0.12680E-02    0.11105E+04
    0.12936E-02    0.11310E+04
    0.13197E-02    0.11518E+04
    0.13464E-02    0.11729E+04
    0.13736E-02    0.11944E+04
    0.14013E-02    0.12163E+04
    0.14296E-02    0.12385E+04
    0.14585E-02    0.12611E+04
    0.14880E-02    0.12840E+04
    0.15180E-02    0.13074E+04
    0.15487E-02    0.13311E+04
    0.15800E-02    0.13551E+04
    0.16119E-02    0.13796E+04
    0.16445E-02    0.14045E+04
    0.16777E-02    0.14297E+04
    0.17116E-02    0.14554E+04
    0.17462E-02    0.14814E+04
    0.17814E-02    0.15078E+04
    0.18174E-02    0.15347E+04
    0.18541E-02    0.15619E+04
    0.18916E-02    0.15896E+04
    0.19298E-02    0.16177E+04
    0.19688E-02    0.16462E+04
    0.20086E-02    0.16751E+04
    0.20491E-02    0.17045E+04
    0.20905E-02    0.17343E+04
    0.21328E-02    0.17645E+04
    0.21758E-02    0.17951E+04
    0.22198E-02    0.18262E+04
    0.22646E-02    0.18577E+04
    0.23104E-02    0.18896E+04
    0.23571E-02    0.19220E+04
    0.24047E-02    0.19549E+04
    0.24533E-02    0.19881E+04
    0.25028E-02    0.20218E+04
    0.25534E-02    0.20560E+04
    0.26050E-02    0.20906E+04
    0.26576E-02    0.21256E+04
    0.27113E-02    0.21611E+04
    0.27660E-02    0.21970E+04
    0.28219E-02    0.22334E+04
    0.28789E-02    0.22702E+04
    0.29371E-02    0.23074E+04
    0.29964E-02    0.23451E+04
    0.30569E-02    0.23832E+04
    0.31187E-02    0.24218E+04
    0.31817E-02    0.24608E+04
    0.32460E-02    0.25002E+04
    0.33115E-02    0.25400E+04
    0.33784E-02    0.25803E+04
    0.34467E-02    0.26210E+04
    0.35163E-02    0.26621E+04
    0.35874E-02    0.27036E+04
    0.36598E-02    0.27455E+04
    0.37338E-02    0.27878E+04
    0.38092E-02    0.28305E+04
    0.38861E-02    0.28735E+04
    0.39646E-02    0.29170E+04
    0.40447E-02    0.29608E+04
    0.41264E-02    0.30050E+04
    0.42098E-02    0.30495E+04
    0.42948E-02    0.30943E+04
    0.43816E-02    0.31395E+04
    0.44701E-02    0.31850E+04
    0.45604E-02    0.32309E+04
    0.46525E-02    0.32770E+04
    0.47465E-02    0.33234E+04
    0.48424E-02    0.33700E+04
    0.49402E-02    0.34170E+04
    0.50400E-02    0.34641E+04
    0.51419E-02    0.35115E+04
    0.52457E-02    0.35591E+04
    0.53517E-02    0.36069E+04
    0.54598E-02    0.36549E+04
    0.55701E-02    0.37030E+04
    0.56826E-02    0.37512E+04
    0.57974E-02    0.37996E+04
    0.59145E-02    0.38481E+04
    0.60340E-02    0.38967E+04
    0.61559E-02    0.39453E+04
    0.62803E-02    0.39939E+04
    0.64072E-02    0.40425E+04
    0.65366E-02    0.40911E+04
    0.66686E-02    0.41396E+04
    0.68033E-02    0.41880E+04
    0.69408E-02    0.42363E+04
    0.70810E-02    0.42845E+04
    0.72240E-02    0.43324E+04
    0.73700E-02    0.43802E+04
    0.75189E-02    0.44278E+04
    0.76708E-02    0.44750E+04
    0.78257E-02    0.45219E+04
    0.79838E-02    0.45684E+04
    0.81451E-02    0.46147E+04
    0.83096E-02    0.46605E+04
    0.84775E-02    0.47058E+04
    0.86488E-02    0.47507E+04
    0.88235E-02    0.47950E+04
    0.90017E-02    0.48387E+04
    0.91836E-02    0.48818E+04
    0.93691E-02    0.49242E+04
    0.95583E-02    0.49659E+04
    0.97514E-02    0.50069E+04
    0.99484E-02    0.50470E+04
    0.10149E-01    0.50862E+04
    0.10354E-01    0.51246E+04
    0.10564E-01    0.51620E+04
    0.10777E-01    0.51983E+04
    0.10995E-01    0.52336E+04
    0.11217E-01    0.52678E+04
    0.11443E-01    0.53007E+04
    0.11675E-01    0.53325E+04
    0.11910E-01    0.53629E+04
    0.12151E-01    0.53920E+04
    0.12397E-01    0.54197E+04
    0.12647E-01    0.54459E+04
    0.12902E-01    0.54705E+04
    0.13163E-01    0.54936E+04
    0.13429E-01    0.55151E+04
    0.13700E-01    0.55348E+04
    0.13977E-01    0.55527E+04
    0.14259E-01    0.55689E+04
    0.14547E-01    0.55831E+04
    0.14841E-01    0.55954E+04
    0.15141E-01    0.56057E+04
    0.15447E-01    0.56139E+04
    0.15759E-01    0.56200E+04
    0.16077E-01    0.56239E+04
    0.16402E-01    0.56255E+04
    0.16734E-01    0.56249E+04
    0.17072E-01    0.56220E+04
    0.17416E-01    0.56167E+04
    0.17768E-01    0.56089E+04
    0.18127E-01    0.55987E+04
    0.18493E-01    0.55860E+04
    0.18867E-01    0.55708E+04
    0.19248E-01    0.55529E+04
    0.19637E-01    0.55325E+04
    0.20034E-01    0.55095E+04
    0.20438E-01    0.54838E+04
    0.20851E-01    0.54555E+04
    0.21272E-01    0.54245E+04
    0.21702E-01    0.53909E+04
    0.22141E-01    0.53546E+04
    0.22588E-01    0.53158E+04
    0.23044E-01    0.52743E+04
    0.23510E-01    0.52303E+04
    0.23985E-01    0.51837E+04
    0.24469E-01    0.51347E+04
    0.24964E-01    0.50832E+04
    0.25468E-01    0.50294E+04
    0.25982E-01    0.49734E+04
    0.26507E-01    0.49151E+04
    0.27043E-01    0.48548E+04
    0.27589E-01    0.47925E+04
    0.28146E-01    0.47284E+04
    0.28715E-01    0.46625E+04
    0.29295E-01    0.45950E+04
    0.29887E-01    0.45261E+04
    0.30490E-01    0.44559E+04
    0.31106E-01    0.43846E+04
    0.31735E-01    0.43123E+04
    0.32376E-01    0.42393E+04
    0.33030E-01    0.41657E+04
    0.33697E-01    0.40917E+04
    0.34378E-01    0.40176E+04
    0.35072E-01    0.39434E+04
    0.35781E-01    0.38695E+04
    0.36504E-01    0.37961E+04
    0.37241E-01    0.37230E+04
    0.37993E-01    0.36503E+04
    0.38761E-01    0.35783E+04
    0.39544E-01    0.35073E+04
    0.40343E-01    0.34378E+04
    0.41158E-01    0.33699E+04
    0.41989E-01    0.33038E+04
    0.42838E-01    0.32397E+04
    0.43703E-01    0.31777E+04
    0.44586E-01    0.31180E+04
    0.45486E-01    0.30605E+04
    0.46405E-01    0.30054E+04
    0.47343E-01    0.29526E+04
    0.48299E-01    0.29021E+04
    0.49275E-01    0.28538E+04
    0.50270E-01    0.28077E+04
    0.51286E-01    0.27635E+04
    0.52322E-01    0.27212E+04
    0.53379E-01    0.26806E+04
    0.54457E-01    0.26415E+04
    0.55557E-01    0.26038E+04
    0.56680E-01    0.25672E+04
    0.57825E-01    0.25312E+04
    0.58993E-01    0.24970E+04
    0.60184E-01    0.24647E+04
    0.61400E-01    0.24327E+04
    0.62641E-01    0.23996E+04
    0.63906E-01    0.23655E+04
    0.65197E-01    0.23309E+04
    0.66514E-01    0.22955E+04
    0.67858E-01    0.22587E+04
    0.69229E-01    0.22200E+04
    0.70627E-01    0.21792E+04
    0.72054E-01    0.21360E+04
    0.73510E-01    0.20903E+04
    0.74994E-01    0.20419E+04
    0.76509E-01    0.19911E+04
    0.78055E-01    0.19378E+04
    0.79632E-01    0.18825E+04
    0.81241E-01    0.18255E+04
    0.82882E-01    0.17673E+04
    0.84556E-01    0.17084E+04
    0.86264E-01    0.16492E+04
    0.88007E-01    0.15905E+04
    0.89785E-01    0.15326E+04
    0.91598E-01    0.14760E+04
    0.93449E-01    0.14214E+04
    0.95337E-01    0.13690E+04
    0.97263E-01    0.13193E+04
    0.99227E-01    0.12728E+04
    0.10123E+00    0.12297E+04
    0.10328E+00    0.11902E+04
    0.10536E+00    0.11546E+04
    0.10749E+00    0.11227E+04
    0.10966E+00    0.10944E+04
    0.11188E+00    0.10694E+04
    0.11414E+00    0.10472E+04
    0.11644E+00    0.10273E+04
    0.11880E+00    0.10091E+04
    0.12120E+00    0.99164E+03
    0.12365E+00    0.97427E+03
    0.12614E+00    0.95615E+03
    0.12869E+00    0.93657E+03
    0.13129E+00    0.91491E+03
    0.13394E+00    0.89080E+03
    0.13665E+00    0.86415E+03
    0.13941E+00    0.83515E+03
    0.14223E+00    0.80424E+03
    0.14510E+00    0.77206E+03
    0.14803E+00    0.73929E+03
    0.15102E+00    0.70667E+03
    0.15407E+00    0.67492E+03
    0.15718E+00    0.64479E+03
    0.16036E+00    0.61695E+03
    0.16360E+00    0.59198E+03
    0.16690E+00    0.57022E+03
    0.17028E+00    0.55167E+03
    0.17371E+00    0.53599E+03
    0.17722E+00    0.52255E+03
    0.18080E+00    0.51059E+03
    0.18446E+00    0.49934E+03
    0.18818E+00    0.48806E+03
    0.19198E+00    0.47607E+03
    0.19586E+00    0.46280E+03
    0.19982E+00    0.44792E+03
    0.20386E+00    0.43142E+03
    0.20797E+00    0.41368E+03
    0.21218E+00    0.39532E+03
    0.21646E+00    0.37710E+03
    0.22083E+00    0.35973E+03
    0.22530E+00    0.34379E+03
    0.22985E+00    0.32972E+03
    0.23449E+00    0.31764E+03
    0.23923E+00    0.30736E+03
    0.24406E+00    0.29843E+03
    0.24899E+00    0.29016E+03
    0.25402E+00    0.28195E+03
    0.25915E+00    0.27326E+03
    0.26439E+00    0.26383E+03
    0.26973E+00    0.25360E+03
    0.27518E+00    0.24285E+03
    0.28074E+00    0.23202E+03
    0.28641E+00    0.22162E+03
    0.29219E+00    0.21211E+03
    0.29810E+00    0.20365E+03
    0.30412E+00    0.19622E+03
    0.31026E+00    0.18955E+03
    0.31653E+00    0.18329E+03
    0.32292E+00    0.17706E+03
    0.32945E+00    0.17057E+03
    0.33610E+00    0.16380E+03
    0.34289E+00    0.15685E+03
    0.34982E+00    0.15003E+03
    0.35689E+00    0.14364E+03
    0.36409E+00    0.13777E+03
    0.37145E+00    0.13247E+03
    0.37895E+00    0.12754E+03
    0.38661E+00    0.12280E+03
    0.39442E+00    0.11809E+03
    0.40239E+00    0.11331E+03
    0.41052E+00    0.10855E+03
    0.41881E+00    0.10393E+03
    0.42727E+00    0.99566E+02
    0.43590E+00    0.95528E+02
    0.44471E+00    0.91738E+02
    0.45369E+00    0.88106E+02
    0.46286E+00    0.84548E+02
    0.47221E+00    0.81029E+02
    0.48174E+00    0.77605E+02
    0.49148E+00    0.74329E+02
    0.50141E+00    0.71227E+02
    0.51153E+00    0.68296E+02
    0.52187E+00    0.65482E+02
    0.53241E+00    0.62749E+02
    0.54317E+00    0.60098E+02
    0.55414E+00    0.57540E+02
    0.56533E+00    0.55097E+02
    0.57675E+00    0.52773E+02
    0.58840E+00    0.50543E+02
    0.60029E+00    0.48395E+02
    0.61242E+00    0.46326E+02
    0.62479E+00    0.44336E+02
    0.63741E+00    0.42431E+02
    0.65029E+00    0.40611E+02
    0.66342E+00    0.38865E+02
    0.67683E+00    0.37189E+02
    0.69050E+00    0.35581E+02
    0.70445E+00    0.34038E+02
    0.71868E+00    0.32557E+02
    0.73320E+00    0.31137E+02
    0.74801E+00    0.29775E+02
    0.76312E+00    0.28470E+02
    0.77854E+00    0.27220E+02
    0.79426E+00    0.26021E+02
    0.81031E+00    0.24873E+02
    0.82668E+00    0.23774E+02
    0.84338E+00    0.22721E+02
    0.86041E+00    0.21713E+02
    0.87780E+00    0.20748E+02
    0.89553E+00    0.19824E+02
    0.91362E+00    0.18940E+02
    0.93208E+00    0.18094E+02
    0.95091E+00    0.17284E+02
    0.97011E+00    0.16509E+02
    0.98971E+00    0.15767E+02
    0.10097E+01    0.15057E+02
    0.10301E+01    0.14378E+02
    0.10509E+01    0.13728E+02
    0.10721E+01    0.13106E+02
    0.10938E+01    0.12512E+02
    0.11159E+01    0.11943E+02
    0.11384E+01    0.11400E+02
    0.11614E+01    0.10880E+02
    0.11849E+01    0.10383E+02
    0.12088E+01    0.99080E+01
    0.12333E+01    0.94540E+01
    0.12582E+01    0.90200E+01
    0.12836E+01    0.86053E+01
    0.13095E+01    0.82090E+01
    0.13360E+01    0.78303E+01
    0.13630E+01    0.74686E+01
    0.13905E+01    0.71231E+01
    0.14186E+01    0.67930E+01
    0.14472E+01    0.64778E+01
    0.14765E+01    0.61767E+01
    0.15063E+01    0.58892E+01
    0.15367E+01    0.56147E+01
    0.15678E+01    0.53525E+01
    0.15994E+01    0.51023E+01
    0.16318E+01    0.48634E+01
    0.16647E+01    0.46354E+01
    0.16984E+01    0.44178E+01
    0.17327E+01    0.42101E+01
    0.17677E+01    0.40119E+01
    0.18034E+01    0.38228E+01
    0.18398E+01    0.36423E+01
    0.18770E+01    0.34702E+01
    0.19149E+01    0.33059E+01
    0.19536E+01    0.31492E+01
    0.19930E+01    0.29998E+01
    0.20333E+01    0.28573E+01
    0.20744E+01    0.27214E+01
    0.21163E+01    0.25917E+01
    0.21590E+01    0.24681E+01
    0.22026E+01    0.23503E+01
    0.22471E+01    0.22379E+01
    0.22925E+01    0.21308E+01
    0.23388E+01    0.20287E+01
    0.23861E+01    0.19314E+01
    0.24343E+01    0.18386E+01
    0.24835E+01    0.17502E+01
    0.25336E+01    0.16659E+01
    0.25848E+01    0.15856E+01
    0.26370E+01    0.15091E+01
    0.26903E+01    0.14362E+01
    0.27447E+01    0.13668E+01
    0.28001E+01    0.13006E+01
    0.28567E+01    0.12376E+01
    0.29144E+01    0.11775E+01
    0.29733E+01    0.11203E+01
    0.30333E+01    0.10659E+01
    0.30946E+01    0.10140E+01
    0.31571E+01    0.96460E+00
    0.32209E+01    0.91756E+00
    0.32860E+01    0.87277E+00
    0.33523E+01    0.83012E+00
    0.34201E+01    0.78952E+00
    0.34892E+01    0.75086E+00
    0.35596E+01    0.71406E+00
    0.36316E+01    0.67904E+00
    0.37049E+01    0.64569E+00
    0.37798E+01    0.61396E+00
    0.38561E+01    0.58375E+00
    0.39340E+01    0.55501E+00
    0.40135E+01    0.52765E+00
    0.40946E+01    0.50162E+00
    0.41773E+01    0.47686E+00
    0.42617E+01    0.45329E+00
    0.43478E+01    0.43087E+00
    0.44356E+01    0.40954E+00
    0.45252E+01    0.38924E+00
    0.46166E+01    0.36994E+00
    0.47099E+01    0.35158E+00
    0.48050E+01    0.33411E+00
    0.49021E+01    0.31750E+00
    0.50011E+01    0.30170E+00
    0.51021E+01    0.28668E+00
    0.52052E+01    0.27239E+00
    0.53104E+01    0.25880E+00
    0.54176E+01    0.24588E+00
    0.55271E+01    0.23359E+00
    0.56387E+01    0.22191E+00
    0.57526E+01    0.21081E+00
    0.58689E+01    0.20025E+00
    0.59874E+01    0.19021E+00
    0.61084E+01    0.18067E+00
    0.62318E+01    0.17160E+00
    0.63577E+01    0.16298E+00
    0.64861E+01    0.15479E+00
    0.66171E+01    0.14700E+00
    0.67508E+01    0.13960E+00
    0.68872E+01    0.13256E+00
    0.70263E+01    0.12588E+00
    0.71682E+01    0.11953E+00
    0.73130E+01    0.11349E+00
    0.74608E+01    0.10776E+00
    0.76115E+01    0.10231E+00
    0.77653E+01    0.97136E-01
    0.79221E+01    0.92218E-01
    0.80822E+01    0.87547E-01
    0.82454E+01    0.83109E-01
    0.84120E+01    0.78893E-01
    0.85819E+01    0.74887E-01
    0.87553E+01    0.71083E-01
    0.89322E+01    0.67469E-01
    0.91126E+01    0.64036E-01
    0.92967E+01    0.60775E-01
    0.94845E+01    0.57678E-01
    0.96761E+01    0.54737E-01
    0.98716E+01    0.51943E-01
    0.10071E+02    0.49291E-01
    0.10274E+02    0.46772E-01
    0.10482E+02    0.44381E-01
    0.10694E+02    0.42111E-01
    0.10910E+02    0.39957E-01
    0.11130E+02    0.37912E-01
    0.11355E+02    0.35971E-01
    0.11584E+02    0.34130E-01
