#           k/h    P           
    0.10000E-03    0.59999E+02
    0.10202E-03    0.61162E+02
    0.10408E-03    0.62347E+02
    0.10618E-03    0.63555E+02
    0.10833E-03    0.64786E+02
    0.11052E-03    0.66042E+02
    0.11275E-03    0.67321E+02
    0.11503E-03    0.68626E+02
    0.11735E-03    0.69955E+02
    0.11972E-03    0.71311E+02
    0.12214E-03    0.72692E+02
    0.12461E-03    0.74101E+02
    0.12712E-03    0.75536E+02
    0.12969E-03    0.76999E+02
    0.13231E-03    0.78491E+02
    0.13499E-03    0.80012E+02
    0.13771E-03    0.81561E+02
    0.14049E-03    0.83141E+02
    0.14333E-03    0.84752E+02
    0.14623E-03    0.86393E+02
    0.14918E-03    0.88067E+02
    0.15220E-03    0.89772E+02
    0.15527E-03    0.91511E+02
    0.15841E-03    0.93283E+02
    0.16161E-03    0.95090E+02
    0.16487E-03    0.96931E+02
    0.16820E-03    0.98808E+02
    0.17160E-03    0.10072E+03
    0.17507E-03    0.10267E+03
    0.17860E-03    0.10466E+03
    0.18221E-03    0.10669E+03
    0.18589E-03    0.10875E+03
    0.18965E-03    0.11086E+03
    0.19348E-03    0.11300E+03
    0.19739E-03    0.11519E+03
    0.20138E-03    0.11742E+03
    0.20544E-03    0.11969E+03
    0.20959E-03    0.12201E+03
    0.21383E-03    0.12437E+03
    0.21815E-03    0.12678E+03
    0.22255E-03    0.12923E+03
    0.22705E-03    0.13173E+03
    0.23164E-03    0.13428E+03
    0.23632E-03    0.13687E+03
    0.24109E-03    0.13952E+03
    0.24596E-03    0.14222E+03
    0.25093E-03    0.14497E+03
    0.25600E-03    0.14777E+03
    0.26117E-03    0.15063E+03
    0.26645E-03    0.15354E+03
    0.27183E-03    0.15651E+03
    0.27732E-03    0.15954E+03
    0.28292E-03    0.16262E+03
    0.28864E-03    0.16576E+03
    0.29447E-03    0.16896E+03
    0.30042E-03    0.17223E+03
    0.30649E-03    0.17556E+03
    0.31268E-03    0.17895E+03
    0.31899E-03    0.18240E+03
    0.32544E-03    0.18592E+03
    0.33201E-03    0.18951E+03
    0.33872E-03    0.19317E+03
    0.34556E-03    0.19690E+03
    0.35254E-03    0.20070E+03
    0.35966E-03    0.20457E+03
    0.36693E-03    0.20851E+03
    0.37434E-03    0.21253E+03
    0.38190E-03    0.21663E+03
    0.38962E-03    0.22081E+03
    0.39749E-03    0.22506E+03
    0.40552E-03    0.22940E+03
    0.41371E-03    0.23382E+03
    0.42207E-03    0.23832E+03
    0.43060E-03    0.24291E+03
    0.43929E-03    0.24758E+03
    0.44817E-03    0.25234E+03
    0.45722E-03    0.25720E+03
    0.46646E-03    0.26214E+03
    0.47588E-03    0.26718E+03
    0.48550E-03    0.27232E+03
    0.49530E-03    0.27755E+03
    0.50531E-03    0.28288E+03
    0.51552E-03    0.28831E+03
    0.52593E-03    0.29384E+03
    0.53656E-03    0.29947E+03
    0.54739E-03    0.30521E+03
    0.55845E-03    0.31106E+03
    0.56973E-03    0.31702E+03
    0.58124E-03    0.32309E+03
    0.59299E-03    0.32928E+03
    0.60496E-03    0.33557E+03
    0.61719E-03    0.34199E+03
    0.62965E-03    0.34852E+03
    0.64237E-03    0.35518E+03
    0.65535E-03    0.36196E+03
    0.66859E-03    0.36887E+03
    0.68210E-03    0.37590E+03
    0.69588E-03    0.38306E+03
    0.70993E-03    0.39035E+03
    0.72427E-03    0.39778E+03
    0.73891E-03    0.40534E+03
    0.75383E-03    0.41305E+03
    0.76906E-03    0.42089E+03
    0.78460E-03    0.42887E+03
    0.80045E-03    0.43700E+03
    0.81662E-03    0.44528E+03
    0.83311E-03    0.45371E+03
    0.84994E-03    0.46229E+03
    0.86711E-03    0.47102E+03
    0.88463E-03    0.47992E+03
    0.90250E-03    0.48897E+03
    0.92073E-03    0.49818E+03
    0.93933E-03    0.50755E+03
    0.95831E-03    0.51710E+03
    0.97767E-03    0.52681E+03
    0.99742E-03    0.53669E+03
    0.10176E-02    0.54675E+03
    0.10381E-02    0.55698E+03
    0.10591E-02    0.56739E+03
    0.10805E-02    0.57799E+03
    0.11023E-02    0.58876E+03
    0.11246E-02    0.59973E+03
    0.11473E-02    0.61088E+03
    0.11705E-02    0.62223E+03
    0.11941E-02    0.63377E+03
    0.12182E-02    0.64551E+03
    0.12429E-02    0.65744E+03
    0.12680E-02    0.66958E+03
    0.12936E-02    0.68192E+03
    0.13197E-02    0.69447E+03
    0.13464E-02    0.70723E+03
    0.13736E-02    0.72020E+03
    0.14013E-02    0.73339E+03
    0.14296E-02    0.74679E+03
    0.14585E-02    0.76042E+03
    0.14880E-02    0.77426E+03
    0.15180E-02    0.78833E+03
    0.15487E-02    0.80263E+03
    0.15800E-02    0.81716E+03
    0.16119E-02    0.83192E+03
    0.16445E-02    0.84691E+03
    0.16777E-02    0.86214E+03
    0.17116E-02    0.87761E+03
    0.17462E-02    0.89332E+03
    0.17814E-02    0.90927E+03
    0.18174E-02    0.92547E+03
    0.18541E-02    0.94191E+03
    0.18916E-02    0.95860E+03
    0.19298E-02    0.97554E+03
    0.19688E-02    0.99274E+03
    0.20086E-02    0.10102E+04
    0.20491E-02    0.10279E+04
    0.20905E-02    0.10459E+04
    0.21328E-02    0.10641E+04
    0.21758E-02    0.10826E+04
    0.22198E-02    0.11013E+04
    0.22646E-02    0.11203E+04
    0.23104E-02    0.11396E+04
    0.23571E-02    0.11591E+04
    0.24047E-02    0.11789E+04
    0.24533E-02    0.11990E+04
    0.25028E-02    0.12193E+04
    0.25534E-02    0.12399E+04
    0.26050E-02    0.12608E+04
    0.26576E-02    0.12819E+04
    0.27113E-02    0.13033E+04
    0.27660E-02    0.13250E+04
    0.28219E-02    0.13469E+04
    0.28789E-02    0.13691E+04
    0.29371E-02    0.13916E+04
    0.29964E-02    0.14144E+04
    0.30569E-02    0.14374E+04
    0.31187E-02    0.14606E+04
    0.31817E-02    0.14841E+04
    0.32460E-02    0.15079E+04
    0.33115E-02    0.15320E+04
    0.33784E-02    0.15562E+04
    0.34467E-02    0.15808E+04
    0.35163E-02    0.16056E+04
    0.35874E-02    0.16306E+04
    0.36598E-02    0.16559E+04
    0.37338E-02    0.16814E+04
    0.38092E-02    0.17072E+04
    0.38861E-02    0.17331E+04
    0.39646E-02    0.17594E+04
    0.40447E-02    0.17858E+04
    0.41264E-02    0.18124E+04
    0.42098E-02    0.18393E+04
    0.42948E-02    0.18664E+04
    0.43816E-02    0.18936E+04
    0.44701E-02    0.19211E+04
    0.45604E-02    0.19487E+04
    0.46525E-02    0.19766E+04
    0.47465E-02    0.20046E+04
    0.48424E-02    0.20327E+04
    0.49402E-02    0.20610E+04
    0.50400E-02    0.20895E+04
    0.51419E-02    0.21181E+04
    0.52457E-02    0.21468E+04
    0.53517E-02    0.21757E+04
    0.54598E-02    0.22046E+04
    0.55701E-02    0.22336E+04
    0.56826E-02    0.22628E+04
    0.57974E-02    0.22919E+04
    0.59145E-02    0.23212E+04
    0.60340E-02    0.23505E+04
    0.61559E-02    0.23799E+04
    0.62803E-02    0.24092E+04
    0.64072E-02    0.24385E+04
    0.65366E-02    0.24678E+04
    0.66686E-02    0.24971E+04
    0.68033E-02    0.25263E+04
    0.69408E-02    0.25555E+04
    0.70810E-02    0.25846E+04
    0.72240E-02    0.26135E+04
    0.73700E-02    0.26424E+04
    0.75189E-02    0.26711E+04
    0.76708E-02    0.26996E+04
    0.78257E-02    0.27279E+04
    0.79838E-02    0.27560E+04
    0.81451E-02    0.27839E+04
    0.83096E-02    0.28115E+04
    0.84775E-02    0.28389E+04
    0.86488E-02    0.28660E+04
    0.88235E-02    0.28927E+04
    0.90017E-02    0.29191E+04
    0.91836E-02    0.29451E+04
    0.93691E-02    0.29708E+04
    0.95583E-02    0.29960E+04
    0.97514E-02    0.30207E+04
    0.99484E-02    0.30449E+04
    0.10149E-01    0.30686E+04
    0.10354E-01    0.30918E+04
    0.10564E-01    0.31144E+04
    0.10777E-01    0.31363E+04
    0.10995E-01    0.31577E+04
    0.11217E-01    0.31783E+04
    0.11443E-01    0.31982E+04
    0.11675E-01    0.32174E+04
    0.11910E-01    0.32358E+04
    0.12151E-01    0.32533E+04
    0.12397E-01    0.32701E+04
    0.12647E-01    0.32859E+04
    0.12902E-01    0.33008E+04
    0.13163E-01    0.33148E+04
    0.13429E-01    0.33277E+04
    0.13700E-01    0.33397E+04
    0.13977E-01    0.33505E+04
    0.14259E-01    0.33603E+04
    0.14547E-01    0.33689E+04
    0.14841E-01    0.33764E+04
    0.15141E-01    0.33826E+04
    0.15447E-01    0.33876E+04
    0.15759E-01    0.33913E+04
    0.16077E-01    0.33937E+04
    0.16402E-01    0.33947E+04
    0.16734E-01    0.33944E+04
    0.17072E-01    0.33927E+04
    0.17416E-01    0.33895E+04
    0.17768E-01    0.33848E+04
    0.18127E-01    0.33787E+04
    0.18493E-01    0.33711E+04
    0.18867E-01    0.33619E+04
    0.19248E-01    0.33512E+04
    0.19637E-01    0.33389E+04
    0.20034E-01    0.33250E+04
    0.20438E-01    0.33095E+04
    0.20851E-01    0.32925E+04
    0.21272E-01    0.32738E+04
    0.21702E-01    0.32536E+04
    0.22141E-01    0.32317E+04
    0.22588E-01    0.32083E+04
    0.23044E-01    0.31833E+04
    0.23510E-01    0.31567E+04
    0.23985E-01    0.31287E+04
    0.24469E-01    0.30991E+04
    0.24964E-01    0.30681E+04
    0.25468E-01    0.30357E+04
    0.25982E-01    0.30018E+04
    0.26507E-01    0.29667E+04
    0.27043E-01    0.29303E+04
    0.27589E-01    0.28928E+04
    0.28146E-01    0.28541E+04
    0.28715E-01    0.28143E+04
    0.29295E-01    0.27736E+04
    0.29887E-01    0.27320E+04
    0.30490E-01    0.26897E+04
    0.31106E-01    0.26467E+04
    0.31735E-01    0.26031E+04
    0.32376E-01    0.25590E+04
    0.33030E-01    0.25146E+04
    0.33697E-01    0.24700E+04
    0.34378E-01    0.24252E+04
    0.35072E-01    0.23805E+04
    0.35781E-01    0.23359E+04
    0.36504E-01    0.22916E+04
    0.37241E-01    0.22475E+04
    0.37993E-01    0.22036E+04
    0.38761E-01    0.21602E+04
    0.39544E-01    0.21173E+04
    0.40343E-01    0.20754E+04
    0.41158E-01    0.20344E+04
    0.41989E-01    0.19945E+04
    0.42838E-01    0.19559E+04
    0.43703E-01    0.19185E+04
    0.44586E-01    0.18824E+04
    0.45486E-01    0.18477E+04
    0.46405E-01    0.18144E+04
    0.47343E-01    0.17826E+04
    0.48299E-01    0.17521E+04
    0.49275E-01    0.17230E+04
    0.50270E-01    0.16951E+04
    0.51286E-01    0.16685E+04
    0.52322E-01    0.16430E+04
    0.53379E-01    0.16184E+04
    0.54457E-01    0.15948E+04
    0.55557E-01    0.15721E+04
    0.56680E-01    0.15500E+04
    0.57825E-01    0.15283E+04
    0.58993E-01    0.15076E+04
    0.60184E-01    0.14882E+04
    0.61400E-01    0.14688E+04
    0.62641E-01    0.14488E+04
    0.63906E-01    0.14282E+04
    0.65197E-01    0.14074E+04
    0.66514E-01    0.13860E+04
    0.67858E-01    0.13638E+04
    0.69229E-01    0.13404E+04
    0.70627E-01    0.13158E+04
    0.72054E-01    0.12897E+04
    0.73510E-01    0.12621E+04
    0.74994E-01    0.12330E+04
    0.76509E-01    0.12022E+04
    0.78055E-01    0.11701E+04
    0.79632E-01    0.11367E+04
    0.81241E-01    0.11023E+04
    0.82882E-01    0.10672E+04
    0.84556E-01    0.10316E+04
    0.86264E-01    0.99587E+03
    0.88007E-01    0.96039E+03
    0.89785E-01    0.92543E+03
    0.91598E-01    0.89130E+03
    0.93449E-01    0.85828E+03
    0.95337E-01    0.82666E+03
    0.97263E-01    0.79668E+03
    0.99227E-01    0.76858E+03
    0.10123E+00    0.74255E+03
    0.10328E+00    0.71873E+03
    0.10536E+00    0.69719E+03
    0.10749E+00    0.67793E+03
    0.10966E+00    0.66085E+03
    0.11188E+00    0.64576E+03
    0.11414E+00    0.63238E+03
    0.11644E+00    0.62038E+03
    0.11880E+00    0.60934E+03
    0.12120E+00    0.59882E+03
    0.12365E+00    0.58833E+03
    0.12614E+00    0.57739E+03
    0.12869E+00    0.56557E+03
    0.13129E+00    0.55249E+03
    0.13394E+00    0.53793E+03
    0.13665E+00    0.52184E+03
    0.13941E+00    0.50433E+03
    0.14223E+00    0.48567E+03
    0.14510E+00    0.46623E+03
    0.14803E+00    0.44644E+03
    0.15102E+00    0.42675E+03
    0.15407E+00    0.40758E+03
    0.15718E+00    0.38938E+03
    0.16036E+00    0.37257E+03
    0.16360E+00    0.35749E+03
    0.16690E+00    0.34435E+03
    0.17028E+00    0.33315E+03
    0.17371E+00    0.32368E+03
    0.17722E+00    0.31556E+03
    0.18080E+00    0.30834E+03
    0.18446E+00    0.30155E+03
    0.18818E+00    0.29474E+03
    0.19198E+00    0.28750E+03
    0.19586E+00    0.27949E+03
    0.19982E+00    0.27050E+03
    0.20386E+00    0.26054E+03
    0.20797E+00    0.24982E+03
    0.21218E+00    0.23874E+03
    0.21646E+00    0.22773E+03
    0.22083E+00    0.21724E+03
    0.22530E+00    0.20761E+03
    0.22985E+00    0.19912E+03
    0.23449E+00    0.19182E+03
    0.23923E+00    0.18562E+03
    0.24406E+00    0.18022E+03
    0.24899E+00    0.17523E+03
    0.25402E+00    0.17027E+03
    0.25915E+00    0.16503E+03
    0.26439E+00    0.15933E+03
    0.26973E+00    0.15315E+03
    0.27518E+00    0.14666E+03
    0.28074E+00    0.14012E+03
    0.28641E+00    0.13384E+03
    0.29219E+00    0.12809E+03
    0.29810E+00    0.12298E+03
    0.30412E+00    0.11850E+03
    0.31026E+00    0.11447E+03
    0.31653E+00    0.11069E+03
    0.32292E+00    0.10693E+03
    0.32945E+00    0.10301E+03
    0.33610E+00    0.98919E+02
    0.34289E+00    0.94726E+02
    0.34982E+00    0.90608E+02
    0.35689E+00    0.86743E+02
    0.36409E+00    0.83203E+02
    0.37145E+00    0.79998E+02
    0.37895E+00    0.77024E+02
    0.38661E+00    0.74162E+02
    0.39442E+00    0.71315E+02
    0.40239E+00    0.68428E+02
    0.41052E+00    0.65554E+02
    0.41881E+00    0.62763E+02
    0.42727E+00    0.60129E+02
    0.43590E+00    0.57691E+02
    0.44471E+00    0.55402E+02
    0.45369E+00    0.53209E+02
    0.46286E+00    0.51060E+02
    0.47221E+00    0.48935E+02
    0.48174E+00    0.46867E+02
    0.49148E+00    0.44888E+02
    0.50141E+00    0.43016E+02
    0.51153E+00    0.41245E+02
    0.52187E+00    0.39546E+02
    0.53241E+00    0.37895E+02
    0.54317E+00    0.36295E+02
    0.55414E+00    0.34750E+02
    0.56533E+00    0.33274E+02
    0.57675E+00    0.31870E+02
    0.58840E+00    0.30524E+02
    0.60029E+00    0.29227E+02
    0.61242E+00    0.27977E+02
    0.62479E+00    0.26775E+02
    0.63741E+00    0.25625E+02
    0.65029E+00    0.24526E+02
    0.66342E+00    0.23471E+02
    0.67683E+00    0.22459E+02
    0.69050E+00    0.21488E+02
    0.70445E+00    0.20556E+02
    0.71868E+00    0.19662E+02
    0.73320E+00    0.18804E+02
    0.74801E+00    0.17982E+02
    0.76312E+00    0.17194E+02
    0.77854E+00    0.16438E+02
    0.79426E+00    0.15715E+02
    0.81031E+00    0.15021E+02
    0.82668E+00    0.14358E+02
    0.84338E+00    0.13722E+02
    0.86041E+00    0.13113E+02
    0.87780E+00    0.12530E+02
    0.89553E+00    0.11972E+02
    0.91362E+00    0.11438E+02
    0.93208E+00    0.10927E+02
    0.95091E+00    0.10438E+02
    0.97011E+00    0.99698E+01
    0.98971E+00    0.95218E+01
    0.10097E+01    0.90932E+01
    0.10301E+01    0.86830E+01
    0.10509E+01    0.82906E+01
    0.10721E+01    0.79153E+01
    0.10938E+01    0.75563E+01
    0.11159E+01    0.72129E+01
    0.11384E+01    0.68846E+01
    0.11614E+01    0.65707E+01
    0.11849E+01    0.62706E+01
    0.12088E+01    0.59837E+01
    0.12333E+01    0.57095E+01
    0.12582E+01    0.54474E+01
    0.12836E+01    0.51969E+01
    0.13095E+01    0.49576E+01
    0.13360E+01    0.47289E+01
    0.13630E+01    0.45105E+01
    0.13905E+01    0.43018E+01
    0.14186E+01    0.41024E+01
    0.14472E+01    0.39121E+01
    0.14765E+01    0.37302E+01
    0.15063E+01    0.35566E+01
    0.15367E+01    0.33908E+01
    0.15678E+01    0.32325E+01
    0.15994E+01    0.30814E+01
    0.16318E+01    0.29371E+01
    0.16647E+01    0.27994E+01
    0.16984E+01    0.26680E+01
    0.17327E+01    0.25426E+01
    0.17677E+01    0.24229E+01
    0.18034E+01    0.23087E+01
    0.18398E+01    0.21997E+01
    0.18770E+01    0.20957E+01
    0.19149E+01    0.19965E+01
    0.19536E+01    0.19019E+01
    0.19930E+01    0.18117E+01
    0.20333E+01    0.17256E+01
    0.20744E+01    0.16435E+01
    0.21163E+01    0.15652E+01
    0.21590E+01    0.14906E+01
    0.22026E+01    0.14194E+01
    0.22471E+01    0.13515E+01
    0.22925E+01    0.12868E+01
    0.23388E+01    0.12252E+01
    0.23861E+01    0.11664E+01
    0.24343E+01    0.11104E+01
    0.24835E+01    0.10570E+01
    0.25336E+01    0.10061E+01
    0.25848E+01    0.95760E+00
    0.26370E+01    0.91139E+00
    0.26903E+01    0.86737E+00
    0.27447E+01    0.82542E+00
    0.28001E+01    0.78546E+00
    0.28567E+01    0.74740E+00
    0.29144E+01    0.71114E+00
    0.29733E+01    0.67660E+00
    0.30333E+01    0.64371E+00
    0.30946E+01    0.61238E+00
    0.31571E+01    0.58255E+00
    0.32209E+01    0.55414E+00
    0.32860E+01    0.52709E+00
    0.33523E+01    0.50133E+00
    0.34201E+01    0.47681E+00
    0.34892E+01    0.45346E+00
    0.35596E+01    0.43124E+00
    0.36316E+01    0.41008E+00
    0.37049E+01    0.38995E+00
    0.37798E+01    0.37078E+00
    0.38561E+01    0.35254E+00
    0.39340E+01    0.33518E+00
    0.40135E+01    0.31866E+00
    0.40946E+01    0.30294E+00
    0.41773E+01    0.28798E+00
    0.42617E+01    0.27375E+00
    0.43478E+01    0.26021E+00
    0.44356E+01    0.24733E+00
    0.45252E+01    0.23507E+00
    0.46166E+01    0.22341E+00
    0.47099E+01    0.21233E+00
    0.48050E+01    0.20178E+00
    0.49021E+01    0.19175E+00
    0.50011E+01    0.18220E+00
    0.51021E+01    0.17313E+00
    0.52052E+01    0.16450E+00
    0.53104E+01    0.15629E+00
    0.54176E+01    0.14849E+00
    0.55271E+01    0.14107E+00
    0.56387E+01    0.13402E+00
    0.57526E+01    0.12731E+00
    0.58689E+01    0.12094E+00
    0.59874E+01    0.11487E+00
    0.61084E+01    0.10911E+00
    0.62318E+01    0.10363E+00
    0.63577E+01    0.98428E-01
    0.64861E+01    0.93479E-01
    0.66171E+01    0.88776E-01
    0.67508E+01    0.84306E-01
    0.68872E+01    0.80059E-01
    0.70263E+01    0.76022E-01
    0.71682E+01    0.72186E-01
    0.73130E+01    0.68542E-01
    0.74608E+01    0.65079E-01
    0.76115E+01    0.61788E-01
    0.77653E+01    0.58663E-01
    0.79221E+01    0.55693E-01
    0.80822E+01    0.52871E-01
    0.82454E+01    0.50191E-01
    0.84120E+01    0.47645E-01
    0.85819E+01    0.45226E-01
    0.87553E+01    0.42929E-01
    0.89322E+01    0.40746E-01
    0.91126E+01    0.38673E-01
    0.92967E+01    0.36704E-01
    0.94845E+01    0.34833E-01
    0.96761E+01    0.33057E-01
    0.98716E+01    0.31370E-01
    0.10071E+02    0.29768E-01
    0.10274E+02    0.28247E-01
    0.10482E+02    0.26803E-01
    0.10694E+02    0.25432E-01
    0.10910E+02    0.24131E-01
    0.11130E+02    0.22896E-01
    0.11355E+02    0.21724E-01
    0.11584E+02    0.20612E-01
